0.95,-0.12,0.45,0,0,1,238,586,791,742,643,Oui
0.88,-0.26,0.52,2,-4,-8,237,585,791,741,643,Oui
0.93,-0.19,0.48,3,-3,-3,238,586,792,743,643,Oui
0.93,-0.17,0.48,1,1,3,238,587,792,743,643,Oui
0.93,-0.17,0.5,-1,-4,-5,238,586,792,743,644,Oui
0.95,-0.13,0.44,0,-1,-2,238,587,792,743,643,Oui
0.94,-0.12,0.44,-1,2,3,239,586,792,743,644,Oui
0.93,-0.19,0.49,0,2,6,238,587,793,742,643,Oui
0.92,-0.27,0.5,2,-5,-5,237,586,792,742,644,Oui
0.92,-0.18,0.49,0,2,-1,239,587,792,743,644,Oui
0.72,-0.25,0.83,0,1,2,215,581,772,739,630,Oui
0.77,0.11,0.8,0,0,5,223,523,802,745,648,Oui
-1.52,-1.9,-0.17,-248,14,250,221,515,817,742,655,Oui
-0.76,-0.58,-0.05,6,0,1,236,523,820,755,659,Oui
-0.69,-0.6,-0.11,-6,1,16,244,504,800,719,658,Oui
-0.69,-0.67,-0.08,0,-5,6,240,503,816,746,658,Oui
0.72,0.17,0.86,0,1,1,236,520,820,750,671,Oui
-1.07,-1.86,0.05,-248,-90,250,235,519,824,756,665,Oui
-0.69,-0.64,-0.19,-4,-2,3,236,523,822,755,666,Oui
-0.65,-0.76,-0.24,5,-2,-1,234,520,821,753,664,Oui
-0.63,-0.72,-0.16,5,2,-6,233,518,819,752,663,Oui
0.7,0.13,0.87,-1,-12,10,231,525,832,760,666,Oui
-0.65,-1.11,-0.13,-10,7,47,236,522,836,773,678,Oui
-0.73,-0.73,-0.17,2,-8,18,235,523,835,772,676,Oui
-0.72,-0.72,-0.11,2,9,1,232,521,834,770,675,Oui
-0.74,-0.65,-0.12,5,1,-4,234,524,833,768,672,Oui
0.77,0.07,0.8,-1,0,-3,238,527,819,764,675,Oui
-1.41,-0.79,-0.34,-123,-113,179,241,524,819,752,662,Oui
-0.67,-0.65,-0.19,0,2,1,243,529,823,756,670,Oui
-0.61,-0.72,-0.23,3,2,-4,245,530,823,756,671,Oui
-0.63,-0.71,-0.23,0,-2,2,245,529,823,754,671,Oui
0.78,0.25,0.71,-2,1,2,228,527,825,763,677,Oui
-1.76,-1.25,0.24,-127,61,6,227,522,831,769,684,Oui
-0.67,-0.69,-0.2,2,4,-16,231,531,830,769,683,Oui
-0.7,-0.68,-0.14,0,-3,0,231,530,830,770,683,Oui
-0.69,-0.7,-0.11,2,2,1,232,529,828,768,683,Oui
0.78,0.14,0.76,0,0,4,241,540,824,766,668,Oui
-0.6,-0.74,-0.3,9,-19,77,257,523,817,753,660,Oui
-0.63,-0.71,-0.2,4,-2,-1,248,527,819,755,662,Oui
-0.61,-0.72,-0.21,0,4,3,248,528,819,755,663,Oui
-0.64,-0.72,-0.18,2,9,4,246,528,819,752,660,Oui
0.81,0.11,0.71,1,2,-3,244,531,824,766,677,Oui
-1.32,-0.72,0.06,-70,-20,63,235,532,826,757,673,Oui
-0.6,-0.75,-0.22,3,11,-1,242,542,830,761,679,Oui
-0.64,-0.73,-0.17,3,3,0,245,540,828,761,678,Oui
-0.62,-0.72,-0.16,1,1,2,245,540,828,761,678,Oui
0.8,0.11,0.74,1,0,-1,243,545,830,772,688,Oui
-0.1,2.0,0.48,-248,30,250,242,545,825,768,675,Oui
-0.7,-0.64,-0.03,-3,-3,7,246,532,831,770,680,Oui
-0.65,-0.71,-0.1,1,7,-1,245,533,831,768,680,Oui
-0.71,-0.7,-0.06,2,-2,2,244,534,830,767,679,Oui
0.81,0.08,0.78,-1,2,-2,246,550,805,764,664,Oui
-0.92,-1.6,-0.56,-76,-109,115,256,533,814,748,657,Oui
-0.62,-0.77,-0.16,4,4,-4,260,534,817,750,660,Oui
-0.57,-0.76,-0.22,2,3,-1,261,535,816,750,660,Oui
0.66,-0.48,0.73,9,-4,10,224,622,792,752,643,Oui
0.7,0.28,0.64,24,-20,11,230,533,825,761,669,Oui
-0.54,-0.9700001,-0.07,-23,11,18,201,527,787,736,619,Oui
-0.5,-0.75,-0.12,-1,-1,18,282,545,803,752,650,Oui
-0.56,-0.84,-0.009999999,3,7,3,277,553,803,751,649,Oui
-0.59,-0.8,-0.06,-2,2,1,258,534,790,743,629,Oui
0.77,-0.17,0.79,-1,0,-1,243,526,790,758,644,Oui
0.78,-0.15,0.79,-26,15,20,244,526,792,758,647,Oui
-0.62,-0.7,-0.22,0,5,1,261,527,812,755,664,Oui
-0.63,-0.63,-0.2,2,3,-2,261,527,812,753,664,Oui
-0.66,-0.72,-0.14,6,6,0,256,527,809,746,660,Oui
0.78,-0.22,0.77,-2,-2,-1,231,533,827,760,683,Oui
-1.66,-1.8,-0.49,-248,-109,250,235,527,819,756,664,Oui
-0.61,-0.71,-0.19,5,3,2,248,535,822,755,668,Oui
-0.66,-0.68,-0.21,2,-3,5,256,536,820,752,667,Oui
-0.67,-0.66,-0.16,1,3,5,256,537,818,748,664,Oui
0.73,-0.33,0.78,1,0,0,246,536,791,748,638,Oui
-0.9599999,-1.98,-1.02,-248,78,250,262,539,795,743,637,Oui
-0.67,-0.64,-0.19,7,-5,4,269,538,803,742,645,Oui
0.73,-0.19,0.81,1,-1,2,230,529,789,753,652,Oui
0.74,-0.19,0.8,-2,5,6,230,530,790,753,652,Oui
0.74,-0.25,0.82,0,0,0,231,532,790,752,648,Oui
0.69,-0.2,0.85,13,-10,-31,230,531,790,753,648,Oui
-0.61,-0.8,-0.17,-4,-2,12,262,535,807,739,655,Oui
-0.65,-0.69,-0.19,3,1,4,259,535,805,738,654,Oui
-0.68,-0.69,-0.18,5,-3,1,259,535,801,735,649,Oui
0.76,-0.35,0.73,-1,2,0,239,542,836,771,685,Oui
0.74,-0.34,0.7,1,3,1,237,542,836,771,686,Oui
-0.46,-1.18,-0.29,37,32,-62,264,529,821,755,664,Oui
-0.66,-0.72,-0.09,3,0,-3,265,532,820,752,663,Oui
-0.66,-0.7,-0.12,0,-3,2,264,532,818,751,660,Oui
0.71,-0.36,0.82,9,-5,-35,237,540,816,764,678,Oui
-1.59,-1.32,-1.11,-248,84,250,248,541,822,768,682,Oui
-0.72,-0.62,-0.1,1,1,7,259,534,820,758,677,Oui
-0.69,-0.62,-0.17,-2,1,7,259,535,819,758,675,Oui
-0.72,-0.68,-0.13,1,-4,4,257,534,812,748,665,Oui
0.78,-0.26,0.75,1,3,0,238,545,832,773,694,Oui
-1.18,-1.98,-0.33,-248,19,250,241,533,824,768,679,Oui
-0.64,-0.7,-0.1,4,12,-1,261,531,824,763,678,Oui
-0.71,-0.7,-0.09,7,11,-1,259,532,820,760,675,Oui
-0.7,-0.75,-0.03,2,1,-3,256,533,819,758,672,Oui
0.69,-0.17,0.84,-3,0,5,225,531,809,760,676,Oui
-1.6,1.58,-1.02,-248,125,250,231,532,809,764,673,Oui
-0.49,-1.91,-0.55,-55,-77,83,252,536,818,759,676,Oui
-0.67,-0.7,-0.16,2,2,-1,256,536,816,754,676,Oui
-0.67,-0.71,-0.16,1,3,2,255,536,814,751,674,Oui
0.71,-0.25,0.85,2,4,-1,225,531,812,764,671,Oui
-1.15,-1.97,-0.29,-248,-43,250,236,529,819,763,672,Oui
-0.65,-0.75,-0.14,5,-6,2,255,539,822,758,670,Oui
-0.6,-0.77,-0.09,-1,-1,0,249,540,812,746,657,Oui
-0.63,-0.81,-0.1,1,4,-1,250,540,811,745,656,Oui
0.68,-0.27,0.88,-1,6,2,236,534,810,755,664,Oui
0.55,0.47,0.71,-116,32,93,236,534,809,755,664,Oui
-0.71,-0.67,-0.18,-12,-12,12,258,539,821,752,667,Oui
-0.62,-0.72,-0.2,1,-1,0,255,538,819,751,665,Oui
-0.62,-0.73,-0.12,3,1,-2,253,537,816,747,662,Oui
0.78,-0.22,0.77,0,4,4,230,539,815,768,679,Oui
-1.98,-0.51,-0.8,-248,60,250,237,537,812,761,672,Oui
-0.59,-0.72,-0.18,2,10,1,248,539,809,750,663,Oui
-0.63,-0.74,-0.1,-1,0,0,252,537,803,744,656,Oui
-0.63,-0.76,-0.1,2,-1,1,251,536,803,744,655,Oui
0.74,-0.12,0.85,1,3,0,232,539,814,764,665,Oui
-1.36,0.76,-0.69,-248,80,250,238,539,814,762,662,Oui
-0.72,-0.7,-0.09,4,-7,2,258,534,814,755,659,Oui
-0.61,-0.73,-0.21,-1,3,-1,257,535,814,755,660,Oui
-0.59,-0.76,-0.08,1,4,1,251,534,805,752,654,Oui
0.78,-0.0,0.8,0,1,-1,233,537,810,768,663,Oui
0.77,0.0,0.81,0,1,-4,232,536,809,766,663,Oui
-0.46,-0.9700001,-0.05,58,11,-82,258,532,816,760,665,Oui
-0.62,-0.74,-0.14,2,-1,0,257,532,816,758,666,Oui
-0.65,-0.73,-0.14,4,2,5,252,531,814,756,665,Oui
0.75,-0.11,0.84,0,1,1,227,537,803,762,654,Oui
-1.98,-0.55,-0.85,-248,49,250,237,532,802,755,650,Oui
-0.62,-0.71,-0.11,2,2,-3,258,537,813,755,660,Oui
-0.68,-0.75,-0.02,0,3,0,247,524,808,744,647,Oui
-0.67,-0.74,-0.02,-1,0,0,247,526,807,744,648,Oui
0.74,-0.06,0.82,0,0,3,230,536,812,761,657,Oui
-1.98,-1.18,-0.76,-248,2,250,230,534,813,752,653,Oui
-0.68,-0.67,-0.15,0,0,8,251,543,820,755,659,Oui
-0.71,-0.66,-0.12,1,3,1,249,543,819,752,657,Oui
0.82,-0.5,0.44,0,0,3,300,650,816,744,684,Oui
0.76,-0.42,0.7,2,0,-4,227,530,824,763,678,Oui
-0.92,0.13,-0.63,-248,185,250,236,534,831,769,681,Oui
-0.72,-0.64,-0.16,8,3,-4,242,538,823,763,674,Oui
-0.65,-0.62,-0.16,5,19,-15,239,536,823,760,674,Oui
-0.69,-0.65,-0.22,1,2,2,238,534,823,758,673,Oui
0.62,-0.48,0.8,0,-9,5,222,543,832,776,680,Oui
-0.43,-0.95,-0.07,0,-7,47,242,538,812,756,657,Oui
-0.63,-0.62,-0.38,1,5,5,237,539,811,752,657,Oui
-0.7,-0.59,-0.33,6,4,-1,237,539,812,753,657,Oui
-0.74,-0.63,-0.28,4,-3,0,236,538,812,755,656,Oui
0.69,-0.54,0.65,1,1,4,241,542,839,780,695,Oui
-0.93,-0.61,-0.13,-10,6,64,246,545,828,768,678,Oui
-0.73,-0.63,-0.22,7,7,1,243,542,825,767,673,Oui
-0.84,-0.59,-0.14,6,2,10,243,543,824,764,672,Oui
-0.71,-0.58,-0.26,3,0,-4,245,543,824,764,671,Oui
0.78,-0.47,0.61,1,4,-2,227,536,824,755,669,Oui
-0.73,-0.53,-0.29,-2,5,6,241,528,812,750,657,Oui
-0.67,-0.5,-0.31,-3,-1,3,242,527,813,751,657,Oui
-0.69,-0.62,-0.31,3,0,-1,242,531,814,751,656,Oui
-0.69,-0.6,-0.26,5,2,4,242,532,813,750,656,Oui
0.81,-0.28,0.72,-2,4,2,244,546,801,764,659,Oui
-1.02,-1.98,-1.13,-248,213,32,248,547,800,752,653,Oui
-0.67,-0.53,-0.29,3,-3,2,256,551,813,754,668,Oui
-0.65,-0.67,-0.31,-3,0,1,251,551,812,753,668,Oui
-0.68,-0.59,-0.29,7,-2,-2,254,551,810,752,666,Oui
0.8,-0.3,0.69,2,2,2,250,548,806,770,674,Oui
-0.16,1.66,-0.39,-248,135,250,250,552,799,761,676,Oui
-0.74,-1.91,-0.5,-65,-82,76,252,549,808,747,673,Oui
-0.68,-0.59,-0.28,4,2,0,252,548,806,749,673,Oui
-0.71,-0.61,-0.26,2,-4,-2,251,548,802,748,670,Oui
0.76,-0.23,0.74,4,-2,1,236,550,789,761,671,Oui
0.78,-0.36,0.69,11,-3,-23,236,550,791,760,670,Oui
-0.81,-0.66,-0.3,12,5,2,245,535,822,758,674,Oui
-0.64,-0.69,-0.25,-1,-9,-3,246,536,822,756,675,Oui
-0.67,-0.74,-0.13,-3,-7,-1,247,536,821,752,672,Oui
0.81,-0.27,0.66,1,0,7,241,547,816,773,681,Oui
-0.42,-1.98,-1.98,-58,215,-150,238,529,812,756,667,Oui
-0.58,-0.62,-0.19,6,5,1,247,542,824,764,684,Oui
-0.57,-0.74,-0.25,1,2,-1,247,540,822,761,684,Oui
-0.59,-0.71,-0.22,2,2,-9,248,540,820,760,681,Oui
0.82,-0.2,0.69,2,6,9,253,565,778,756,639,Oui
0.51,1.65,0.54,-135,17,219,237,560,780,758,636,Oui
-0.61,-0.68,-0.26,2,9,-14,260,556,815,765,678,Oui
-0.62,-0.69,-0.2,1,-5,9,257,553,812,764,674,Oui
-0.65,-0.68,-0.22,-3,0,1,255,550,808,761,668,Oui
0.77,-0.4,0.65,0,1,-1,233,544,825,769,695,Oui
-0.78,-1.98,-0.27,-46,-65,44,231,548,827,761,684,Oui
-0.74,-0.57,-0.19,-12,-4,15,240,551,827,760,684,Oui
-0.67,-0.65,-0.28,0,3,-1,240,551,825,760,683,Oui
-0.66,-0.62,-0.22,0,2,-3,239,551,824,758,680,Oui
0.81,-0.21,0.7,0,0,4,248,552,815,764,666,Oui
0.82,-0.19,0.73,1,1,4,248,553,816,764,667,Oui
0.83,-0.23,0.69,3,-1,-13,248,552,815,764,666,Oui
-0.52,-0.98,-0.47,18,21,1,260,560,823,766,675,Oui
-0.67,-0.6,-0.27,2,1,4,261,559,818,762,670,Oui
0.82,-0.25,0.72,2,0,-3,235,547,809,764,664,Oui
-0.69,1.65,-0.61,-248,125,250,239,547,810,761,659,Oui
-0.77,-0.65,-0.26,-3,-4,-3,255,559,816,758,664,Oui
-0.65,-0.63,-0.31,7,1,-2,258,554,812,755,659,Oui
-0.67,-0.62,-0.25,4,0,1,255,553,811,754,656,Oui
0.75,-0.43,0.68,0,-2,-7,230,551,820,763,694,Oui
0.73,-0.39,0.71,2,3,-4,231,550,820,763,694,Oui
-0.81,-0.46,-0.21,4,-1,10,259,559,817,753,675,Oui
-0.77,-0.54,-0.22,11,6,-25,257,559,816,753,672,Oui
0.14,-0.99,0.52,6,13,13,303,663,816,743,667,Bonjour
-0.05,-0.24,1.15,1,4,7,359,711,859,777,729,Bonjour
0.11,-0.28,1.14,3,3,-3,367,711,857,780,728,Bonjour
-1.98,0.16,0.09,-28,95,35,345,705,851,774,716,Bonjour
-0.9,-0.47,0.39,0,1,-1,331,702,847,771,711,Bonjour
-0.91,-0.39,0.36,0,1,4,331,702,847,771,711,Bonjour
-0.04,-0.19,1.16,-1,3,9,298,700,848,771,718,Bonjour
-0.08,-0.18,1.16,-1,-1,7,297,700,849,771,719,Bonjour
-1.61,0.03,-0.09,-2,155,66,304,690,836,766,692,Bonjour
-0.9,-0.5,0.17,2,2,1,304,689,836,764,692,Bonjour
-1.0,-0.39,0.19,6,6,40,302,688,836,764,691,Bonjour
-0.04,-0.19,1.16,0,1,-1,291,693,842,768,707,Bonjour
0.17,-0.23,0.69,-61,158,-30,292,687,835,763,697,Bonjour
-1.34,-0.64,0.16,2,104,24,293,683,833,759,691,Bonjour
-0.93,-0.38,0.15,0,1,-4,295,684,834,758,691,Bonjour
-0.94,-0.43,0.15,2,4,3,297,683,833,758,689,Bonjour
-0.07,-0.22,1.15,0,0,4,294,685,835,766,699,Bonjour
-0.08,-0.24,1.16,0,0,0,294,685,836,766,699,Bonjour
0.37,0.11,0.44,-88,179,-144,294,675,826,755,681,Bonjour
-0.92,-0.38,0.1,1,-3,-4,296,678,829,756,684,Bonjour
-0.94,-0.41,0.15,0,-2,-1,298,679,828,756,684,Bonjour
-0.12,-0.22,1.15,0,1,1,282,675,828,759,686,Bonjour
-0.13,-0.21,1.16,0,0,1,281,675,827,760,686,Bonjour
-1.06,-0.8,-0.07,5,238,43,289,671,822,755,675,Bonjour
-0.89,-0.4,0.06,2,1,7,291,671,822,753,673,Bonjour
-0.94,-0.41,0.13,0,-1,-2,291,671,821,753,672,Bonjour
-0.11,-0.21,1.16,0,-3,-1,284,672,825,758,684,Bonjour
-1.29,-0.25,-0.09,-16,121,-12,292,665,817,752,664,Bonjour
-1.05,-0.5,0.11,-4,-1,-30,292,666,818,753,665,Bonjour
-0.94,-0.33,0.1,1,0,-6,293,665,818,752,664,Bonjour
-1.3,-0.69,0.22,6,-156,-66,290,665,817,752,664,Bonjour
-0.05,-0.19,1.16,0,1,1,287,670,825,758,676,Bonjour
0.2,-0.06,1.06,0,9,-25,287,665,822,755,671,Bonjour
-0.95,-0.36,0.07,-2,-10,8,291,663,819,751,664,Bonjour
-0.9,-0.44,0.08,-1,1,-7,291,663,819,751,663,Bonjour
-0.9700001,-0.47,0.11,-1,0,-2,291,662,819,751,662,Bonjour
-0.04,-0.21,1.14,0,1,0,291,627,816,755,668,Bonjour
0.009999999,-0.17,0.45,-123,250,39,293,656,811,750,659,Bonjour
-1.27,-0.49,0.17,-1,22,3,292,660,814,752,663,Bonjour
-0.89,-0.43,0.08,0,1,-5,293,659,814,752,663,Bonjour
-0.94,-0.39,0.12,2,-1,6,294,659,815,752,662,Bonjour
-0.07,-0.23,1.13,0,-1,-2,292,663,818,753,670,Bonjour
-0.08,-0.22,1.15,0,-2,-1,291,663,819,755,670,Bonjour
0.58,0.16,0.66,-62,132,-72,292,658,812,752,659,Bonjour
-0.92,-0.34,0.08,1,5,-4,295,660,816,752,662,Bonjour
-0.91,-0.45,0.1,-1,-5,-4,295,660,815,752,662,Bonjour
-0.11,-0.23,1.16,0,0,0,291,661,817,755,668,Bonjour
-0.08,-0.23,1.14,1,-1,-1,291,663,817,755,668,Bonjour
-0.39,-0.24,0.65,-96,223,43,287,656,811,751,656,Bonjour
-0.93,-0.43,0.06,1,-2,1,291,659,814,751,657,Bonjour
-0.93,-0.44,0.09,2,5,1,291,658,813,752,658,Bonjour
-0.11,-0.23,1.16,0,0,3,287,684,838,760,690,Bonjour
0.48,-0.55,1.13,-1,4,-35,288,678,831,760,682,Bonjour
-1.06,-0.43,0.2,1,-10,1,292,674,828,756,671,Bonjour
-0.9700001,-0.37,0.17,-1,-3,2,292,672,825,755,670,Bonjour
-0.94,-0.4,0.18,1,2,3,293,672,828,756,670,Bonjour
-0.1,-0.22,1.16,1,1,1,292,673,828,759,680,Bonjour
-0.1,-0.21,1.15,0,0,-1,292,673,828,759,681,Bonjour
-0.02,-0.52,0.62,-75,228,15,293,667,792,753,668,Bonjour
-0.93,-0.4,0.09,5,0,11,294,669,824,753,668,Bonjour
-0.92,-0.38,0.11,4,-1,-2,294,668,822,752,665,Bonjour
-0.09,-0.23,1.15,0,1,0,284,677,831,756,684,Bonjour
0.6,0.18,0.65,-59,139,-85,287,668,820,752,667,Bonjour
-0.99,-0.34,0.11,2,1,0,289,668,822,750,664,Bonjour
-0.92,-0.4,0.12,1,-1,1,288,667,820,751,661,Bonjour
-0.9599999,-0.35,0.11,-1,-4,0,292,665,819,751,659,Bonjour
-0.11,-0.19,1.16,0,0,1,286,671,811,756,683,Bonjour
0.67,-0.009999999,0.79,-39,111,-92,287,665,820,754,668,Bonjour
-1.46,-0.52,0.11,-18,28,11,289,663,820,752,664,Bonjour
-0.93,-0.41,0.08,3,-3,4,291,663,819,751,662,Bonjour
-0.91,-0.47,0.1,0,-5,-3,291,663,819,751,663,Bonjour
-0.14,-0.23,1.16,0,0,0,281,675,831,755,680,Bonjour
-0.44,-0.24,0.67,-73,212,-21,279,667,822,748,664,Bonjour
-0.89,-0.41,0.02,5,1,1,284,663,820,750,657,Bonjour
-0.91,-0.44,0.09,2,-3,3,284,664,820,750,657,Bonjour
-1.0,-0.43,0.15,4,-4,3,284,663,819,749,657,Bonjour
-0.02,-0.23,1.16,0,2,0,294,671,824,755,673,Bonjour
0.08,-0.13,1.14,1,-4,-6,294,671,823,755,675,Bonjour
-1.56,-0.4,-0.47,22,250,195,296,667,822,752,664,Bonjour
-0.93,-0.42,0.12,-1,-4,1,296,667,821,752,664,Bonjour
-0.92,-0.42,0.1,0,1,1,294,664,819,752,662,Bonjour
-0.09,-0.21,1.15,-1,-1,3,280,674,828,754,675,Bonjour
-0.09,-0.2,1.16,-1,0,2,280,675,828,754,674,Bonjour
0.51,-0.47,1.13,1,-2,-17,283,670,821,752,668,Bonjour
-1.05,-0.57,-0.18,-45,250,156,284,668,820,752,664,Bonjour
-0.89,-0.39,0.12,2,0,0,286,667,821,752,662,Bonjour
-0.009999999,-0.21,1.16,0,2,0,293,678,832,760,689,Bonjour
0.0,-0.19,1.15,0,0,1,294,678,832,760,689,Bonjour
0.009999999,-0.2,1.17,0,1,2,292,679,832,760,689,Bonjour
-1.97,-0.5,-0.17,-42,191,-7,293,674,828,756,681,Bonjour
-0.9700001,-0.42,0.2,3,1,5,292,671,825,755,676,Bonjour
-0.02,-0.23,1.15,-1,-1,-1,288,691,840,761,705,Bonjour
-0.03,-0.2,1.16,0,0,2,288,691,840,761,705,Bonjour
-0.16,-0.28,0.27,-84,222,31,288,678,828,753,679,Bonjour
-0.88,-0.36,0.14,1,0,2,288,676,828,753,675,Bonjour
-0.92,-0.42,0.17,2,1,-1,288,676,828,752,675,Bonjour
-0.02,-0.19,1.16,0,0,0,287,678,830,758,687,Bonjour
-0.04,-0.2,1.16,0,-1,0,287,678,831,758,688,Bonjour
0.2,-0.08,0.6,-101,185,-6,287,673,824,754,675,Bonjour
-0.85,-0.42,0.09,3,-7,1,290,673,824,752,672,Bonjour
-0.9700001,-0.38,0.14,2,-2,3,288,672,824,752,671,Bonjour
-0.009999999,-0.21,1.16,-1,-1,0,288,675,825,755,681,Bonjour
0.0,-0.23,1.16,2,1,-2,291,675,827,755,682,Bonjour
-1.42,-0.45,0.21,-28,47,-71,291,673,827,753,673,Bonjour
-0.9,-0.42,0.09,1,-2,2,292,673,825,753,673,Bonjour
-0.94,-0.39,0.15,1,-2,1,291,671,824,752,670,Bonjour
-0.02,-0.15,1.17,1,2,2,300,679,835,760,696,Bonjour
0.77,0.2,0.89,6,63,-28,299,676,830,756,688,Bonjour
-1.48,-0.37,0.22,-17,63,-24,297,672,827,752,679,Bonjour
-0.94,-0.35,0.19,2,-3,5,297,672,827,752,678,Bonjour
-0.98,-0.33,0.19,1,-1,4,297,672,827,752,678,Bonjour
-0.009999999,-0.22,1.16,0,-1,0,296,675,828,758,686,Bonjour
0.33,-0.3,1.1,1,8,-11,296,671,824,756,678,Bonjour
-0.9,-0.42,0.16,-3,-18,-9,298,671,825,754,674,Bonjour
-0.9599999,-0.37,0.15,1,1,3,297,671,824,753,672,Bonjour
-0.93,-0.42,0.17,1,-1,0,297,670,824,752,671,Bonjour
-0.04,-0.16,1.18,0,1,3,288,680,835,759,698,Bonjour
0.12,-0.24,0.11,-94,250,-10,289,668,822,752,671,Bonjour
-0.91,-0.43,0.17,2,10,7,290,667,822,752,668,Bonjour
-0.95,-0.44,0.16,1,5,9,291,667,822,752,668,Bonjour
-0.92,-0.41,0.15,-1,-2,-5,289,664,821,751,667,Bonjour
-0.02,-0.19,1.18,0,1,2,276,675,829,755,682,Bonjour
-1.49,-0.54,0.3,5,87,54,280,668,822,752,667,Bonjour
-0.91,-0.42,0.18,0,-2,0,284,665,819,750,664,Bonjour
-0.93,-0.42,0.19,2,0,3,284,667,820,751,664,Bonjour
-0.58,-0.44,0.7,38,-157,10,288,667,820,752,665,Bonjour
0.04,-0.15,1.16,-1,1,1,299,669,825,756,675,Bonjour
-0.86,-0.24,0.14,-66,250,65,300,667,820,753,667,Bonjour
-0.9599999,-0.38,0.12,4,9,8,297,667,822,752,665,Bonjour
-0.93,-0.39,0.12,4,-4,4,301,665,822,752,664,Bonjour
-0.9599999,-0.4,0.12,2,2,3,302,665,820,752,665,Bonjour
0.02,-0.15,1.19,-1,0,0,303,691,844,763,714,Bonjour
0.03,-0.14,1.16,0,0,4,303,691,844,763,713,Bonjour
0.45,-0.23,1.18,1,4,22,302,688,838,760,704,Bonjour
-0.9599999,-0.49,0.08,2,-4,10,304,672,826,753,677,Bonjour
-0.91,-0.4,0.1,2,-9,4,303,671,824,752,673,Bonjour
0.009999999,-0.13,1.18,1,0,0,294,697,845,762,713,Bonjour
0.03,-0.14,1.17,0,0,-3,294,697,846,763,713,Bonjour
1.04,0.08,0.65,-30,112,-97,296,685,831,755,688,Bonjour
-0.99,-0.41,0.09,8,1,18,299,679,828,753,676,Bonjour
-0.91,-0.4,0.06,0,-1,2,300,679,827,752,673,Bonjour
0.04,-0.16,1.16,0,1,2,299,681,830,755,684,Bonjour
0.04,-0.17,1.17,1,2,1,298,682,831,755,684,Bonjour
0.58,0.2,0.55,-104,168,-78,303,679,827,756,679,Bonjour
-0.93,-0.38,0.1,-1,-8,0,303,676,827,753,675,Bonjour
-0.89,-0.32,0.51,27,34,-18,480,699,799,538,480,Vous allez bien ?
-0.95,-0.32,0.35,0,0,6,425,690,810,561,511,Vous allez bien ?
-0.98,-0.41,0.37,-8,-13,2,232,458,641,524,453,Vous allez bien ?
-1.08,-0.24,0.49,-30,1,29,252,504,678,540,479,Vous allez bien ?
-1.0,-0.32,0.49,0,0,7,424,715,836,590,534,Vous allez bien ?
-0.83,-0.43,0.22,8,20,-1,268,484,661,546,472,Vous allez bien ?
-0.95,-0.32,0.33,1,0,0,435,696,816,579,533,Vous allez bien ?
-0.95,-0.34,0.34,2,1,0,435,696,816,580,533,Vous allez bien ?
-0.8,-0.4,0.2,-6,11,-3,230,467,649,543,470,Vous allez bien ?
-0.93,-0.38,0.26,11,17,-6,252,498,679,550,504,Vous allez bien ?
-0.87,-0.46,0.27,-11,-25,-18,243,481,661,540,483,Vous allez bien ?
-0.9599999,-0.31,0.29,0,0,3,395,679,803,575,536,Vous allez bien ?
-0.9700001,-0.32,0.32,2,1,2,395,678,803,575,537,Vous allez bien ?
-0.95,-0.33,0.32,4,4,0,393,681,804,575,536,Vous allez bien ?
-0.9700001,-0.34,0.02,-6,32,-16,212,455,646,545,475,Vous allez bien ?
-1.0,-0.31,0.23,10,6,8,280,508,688,551,502,Vous allez bien ?
-0.95,-0.32,0.3,0,3,1,367,678,800,576,547,Vous allez bien ?
-0.98,-0.32,0.31,-1,-2,3,368,678,800,576,547,Vous allez bien ?
-0.95,-0.32,0.37,2,18,8,225,457,646,550,479,Vous allez bien ?
-0.9700001,-0.34,0.34,12,-11,12,293,565,724,563,544,Vous allez bien ?
-0.86,-0.46,0.26,2,12,-8,396,675,796,569,548,Vous allez bien ?
-0.95,-0.35,0.29,-1,2,-2,388,670,792,575,548,Vous allez bien ?
-0.9599999,-0.35,0.3,2,-1,1,389,671,792,575,548,Vous allez bien ?
-0.89,-0.29,0.19,-10,13,-11,234,460,640,550,473,Vous allez bien ?
-1.0,-0.24,0.35,6,2,-14,315,688,820,586,613,Vous allez bien ?
-0.95,-0.39,0.31,15,-9,12,315,603,753,568,565,Vous allez bien ?
-0.87,-0.4,0.19,10,13,20,347,536,691,562,505,Vous allez bien ?
-1.06,-0.32,0.31,14,-10,2,366,647,783,579,604,Vous allez bien ?
-1.01,-0.29,0.24,-12,-13,-6,239,470,656,556,492,Vous allez bien ?
-0.95,-0.34,0.29,-1,3,-4,405,695,836,604,596,Vous allez bien ?
-0.98,-0.3,0.32,-1,1,0,408,695,808,579,522,Vous allez bien ?
-0.9700001,-0.3,0.31,0,1,2,394,691,808,585,540,Vous allez bien ?
-0.94,-0.32,0.32,0,0,-2,394,690,808,585,540,Vous allez bien ?
-1.07,-0.36,0.64,-14,-19,37,230,463,647,558,479,Vous allez bien ?
-0.86,-0.33,0.15,-1,5,10,256,474,663,560,500,Vous allez bien ?
-1.14,-0.38,0.19,-8,-19,-31,190,457,648,550,483,Vous allez bien ?
-0.95,-0.34,0.31,0,2,0,337,681,799,585,556,Vous allez bien ?
-0.98,-0.32,0.31,2,1,3,337,682,800,585,558,Vous allez bien ?
-0.85,-0.37,0.22,5,27,7,244,454,645,560,489,Vous allez bien ?
-1.01,-0.36,0.29,24,13,-1,344,547,708,568,538,Vous allez bien ?
-1.16,-0.17,0.42,-6,-6,0,340,478,668,567,502,Vous allez bien ?
-0.9599999,-0.39,0.36,0,-4,-18,439,624,769,584,552,Vous allez bien ?
-0.89,-0.29,0.35,-2,12,-6,423,694,822,595,621,Vous allez bien ?
-0.94,-0.31,0.35,3,3,5,406,688,816,594,621,Vous allez bien ?
-0.93,-0.37,0.34,2,1,4,232,480,666,562,504,Vous allez bien ?
-0.9700001,-0.27,0.35,1,3,3,387,694,833,601,618,Vous allez bien ?
-0.9599999,-0.3,0.35,1,-1,0,395,686,810,586,540,Vous allez bien ?
-0.99,-0.34,0.23,-15,-22,-26,277,470,657,565,492,Vous allez bien ?
-0.94,-0.34,0.28,1,10,-2,399,704,824,597,623,Vous allez bien ?
-0.93,-0.34,0.4,2,8,-6,408,713,831,603,632,Vous allez bien ?
-0.9700001,-0.31,0.32,5,10,6,302,493,678,575,529,Vous allez bien ?
-0.95,-0.29,0.37,0,-1,1,466,680,808,588,541,Vous allez bien ?
-0.9599999,-0.28,0.38,1,0,4,466,681,809,589,541,Vous allez bien ?
-0.99,-0.34,0.38,22,5,-10,383,579,728,579,549,Vous allez bien ?
-0.9700001,-0.3,0.37,-5,-17,-2,257,478,671,567,503,Vous allez bien ?
-0.9599999,-0.29,0.38,-2,2,-8,407,700,830,604,609,Vous allez bien ?
-0.95,-0.32,0.34,0,-1,3,413,687,825,593,547,Vous allez bien ?
-0.9599999,-0.27,0.35,-3,-5,-1,412,687,825,593,548,Vous allez bien ?
-1.1,-0.31,0.27,-21,-37,-20,240,473,664,568,503,Vous allez bien ?
-0.95,-0.41,0.3,-14,-41,3,293,471,661,570,521,Vous allez bien ?
-0.9599999,-0.29,0.4,-1,0,7,451,698,835,613,628,Vous allez bien ?
-0.94,-0.3,0.39,-1,1,0,452,698,807,590,566,Vous allez bien ?
-0.9599999,-0.3,0.39,-1,1,0,452,698,806,590,566,Vous allez bien ?
-0.88,-0.3,0.32,4,2,14,313,472,662,571,511,Vous allez bien ?
-0.92,-0.31,0.29,6,17,3,375,486,678,575,536,Vous allez bien ?
-0.94,-0.52,0.5,-8,-24,6,337,487,677,583,531,Vous allez bien ?
-0.92,-0.29,0.36,-1,3,0,434,690,814,593,560,Vous allez bien ?
-1.05,-0.23,0.42,-4,2,-14,278,474,666,575,508,Vous allez bien ?
-0.99,-0.47,0.13,-9,-12,1,366,480,670,576,526,Vous allez bien ?
-0.9700001,-0.3,0.44,-1,-3,8,500,694,824,598,635,Vous allez bien ?
-1.01,-0.23,0.47,2,-2,11,538,705,817,588,630,Vous allez bien ?
-0.94,-0.29,0.42,2,4,-3,479,679,779,570,537,Vous allez bien ?
-0.89,-0.37,0.26,5,17,7,330,463,655,564,501,Vous allez bien ?
-1.04,-0.18,0.57,-5,-11,14,374,460,652,570,520,Vous allez bien ?
-1.03,-0.26,0.38,-5,10,-32,470,489,683,584,545,Vous allez bien ?
-0.91,-0.35,0.4,6,-14,-3,499,683,817,599,643,Vous allez bien ?
-0.9599999,-0.31,0.42,0,-2,3,464,678,807,596,590,Vous allez bien ?
-0.91,-0.36,0.39,3,-10,8,489,695,835,612,648,Vous allez bien ?
-0.95,-0.31,0.4,1,4,4,485,503,688,583,547,Vous allez bien ?
-0.89,-0.5,0.35,-15,13,-58,513,633,771,604,631,Vous allez bien ?
-0.95,-0.3,0.41,0,1,1,511,717,845,624,662,Vous allez bien ?
-0.92,-0.34,0.41,1,1,1,487,691,811,603,601,Vous allez bien ?
-0.9700001,-0.31,0.41,2,6,6,417,486,677,582,535,Vous allez bien ?
-0.87,-0.36,0.29,6,-26,1,497,718,849,623,668,Vous allez bien ?
-0.91,-0.45,0.29,-1,-10,7,506,713,839,607,645,Vous allez bien ?
-0.84,-0.47,0.25,-3,-15,1,424,482,671,580,528,Vous allez bien ?
-0.93,-0.33,0.41,1,4,1,482,704,825,596,552,Vous allez bien ?
-0.98,-0.36,0.44,-11,-19,-4,347,480,675,573,507,Vous allez bien ?
-1.09,-0.16,0.53,-9,-11,3,358,479,667,582,522,Vous allez bien ?
-0.8,-0.39,0.47,-3,10,-2,510,720,848,620,654,Vous allez bien ?
0.43,-0.93,0.29,0,0,7,286,585,747,641,583,Vous allez bien ?
-1.03,-0.2,0.35,12,-23,21,289,608,752,531,524,Vous allez bien ?
-0.9700001,-0.33,0.36,0,0,1,434,671,799,555,516,Vous allez bien ?
-0.95,-0.31,0.34,0,-1,0,431,669,798,557,517,Vous allez bien ?
-0.94,-0.32,0.35,0,-1,1,428,666,796,558,518,Vous allez bien ?
-0.92,-0.43,0.29,0,-1,-1,369,635,787,624,619,Vous allez bien ?
-0.9599999,-0.26,0.36,1,3,0,511,683,817,564,531,Vous allez bien ?
-0.95,-0.24,0.55,7,2,26,430,471,652,540,474,Vous allez bien ?
-1.07,-0.07,0.45,-7,20,-7,332,463,658,518,470,Vous allez bien ?
-1.02,-0.32,0.43,17,-11,1,466,617,753,561,591,Vous allez bien ?
-1.04,-0.23,0.49,4,-32,14,489,651,774,559,572,Vous allez bien ?
-0.9599999,-0.25,0.34,-2,5,1,447,678,798,567,509,Vous allez bien ?
-1.06,-0.21,0.25,-17,-8,-38,364,462,651,553,488,Vous allez bien ?
-0.95,-0.26,0.28,5,19,-1,402,487,667,560,508,Vous allez bien ?
-0.99,-0.25,0.35,-3,-6,-12,462,653,776,577,536,Vous allez bien ?
-1.06,-0.42,0.44,4,-19,-13,464,623,771,583,542,Vous allez bien ?
-0.98,-0.2,0.39,0,0,0,455,695,815,583,548,Vous allez bien ?
-1.0,-0.26,0.31,10,14,-9,405,502,682,571,533,Vous allez bien ?
-0.95,-0.17,0.39,22,32,3,417,554,708,581,554,Vous allez bien ?
-0.95,-0.21,0.55,-30,16,-11,419,496,691,587,550,Vous allez bien ?
-0.95,-0.2,0.44,0,3,4,423,712,846,594,567,Vous allez bien ?
-0.98,-0.19,0.37,1,1,0,432,707,835,592,562,Vous allez bien ?
-0.98,-0.26,0.49,-19,-23,-5,399,472,675,585,543,Vous allez bien ?
-0.9599999,-0.24,0.33,5,0,7,429,496,684,584,549,Vous allez bien ?
-0.9700001,-0.21,0.37,2,3,-3,428,702,841,593,564,Vous allez bien ?
-0.9700001,-0.21,0.34,6,2,9,435,704,841,593,564,Vous allez bien ?
-0.9700001,-0.2,0.38,1,0,1,453,699,836,594,564,Vous allez bien ?
-1.02,-0.25,0.35,-4,-27,13,455,470,669,585,544,Vous allez bien ?
-0.94,-0.2,0.39,-2,-1,6,459,702,835,593,562,Vous allez bien ?
-0.98,-0.23,0.38,0,-3,6,466,695,837,593,563,Vous allez bien ?
-0.99,-0.22,0.47,7,-11,-5,456,653,783,592,561,Vous allez bien ?
-0.98,-0.2,0.4,1,1,0,465,691,827,595,566,Vous allez bien ?
-0.9700001,-0.2,0.34,8,11,-1,448,504,685,587,551,Vous allez bien ?
-0.99,-0.31,0.29,1,-10,3,448,472,672,587,547,Vous allez bien ?
-0.9700001,-0.2,0.39,2,-1,2,441,692,825,595,565,Vous allez bien ?
-0.9,-0.12,0.32,15,-5,21,453,678,822,595,563,Vous allez bien ?
-1.0,-0.2,0.35,1,3,-1,438,684,822,591,558,Vous allez bien ?
-0.9700001,-0.16,0.29,-3,8,-8,374,466,632,576,534,Vous allez bien ?
-1.05,-0.29,0.36,-3,5,-22,455,609,756,597,563,Vous allez bien ?
-0.88,-0.06,0.1,-26,25,-26,484,523,701,597,556,Vous allez bien ?
-1.0,-0.21,0.37,9,-8,15,488,700,824,599,570,Vous allez bien ?
-0.99,-0.22,0.4,1,-2,2,486,697,833,600,574,Vous allez bien ?
-1.01,-0.18,0.35,-3,15,-9,483,471,667,589,546,Vous allez bien ?
-0.94,-0.21,0.27,0,7,-2,494,479,665,582,543,Vous allez bien ?
-0.98,-0.22,0.36,-6,9,-3,483,699,842,598,567,Vous allez bien ?
-0.9599999,-0.22,0.29,1,0,1,469,691,824,596,567,Vous allez bien ?
-0.9599999,-0.21,0.35,-1,0,0,413,689,827,598,564,Vous allez bien ?
-1.0,-0.2,0.37,1,-2,2,390,689,828,598,564,Vous allez bien ?
-0.99,-0.2,0.25,10,11,-15,467,505,681,590,553,Vous allez bien ?
-0.9599999,-0.19,0.28,2,23,-3,484,480,670,589,553,Vous allez bien ?
-0.9700001,-0.22,0.5,-2,4,2,483,470,669,591,551,Vous allez bien ?
-0.95,-0.23,0.3,0,2,0,430,691,830,598,568,Vous allez bien ?
-0.9599999,-0.21,0.4,-2,-1,11,428,683,822,599,567,Vous allez bien ?
-0.9599999,-0.19,0.32,5,-2,14,428,708,800,600,567,Vous allez bien ?
-1.01,-0.25,0.34,9,-3,6,379,696,816,599,554,Vous allez bien ?
-0.92,-0.29,0.29,-2,-8,-1,315,472,664,584,539,Vous allez bien ?
-0.9700001,-0.2,0.37,0,1,1,456,701,843,600,568,Vous allez bien ?
-0.95,-0.22,0.44,-2,2,4,465,494,680,591,552,Vous allez bien ?
-0.9700001,-0.21,0.36,-2,-4,4,474,705,848,600,568,Vous allez bien ?
-1.0,-0.2,0.43,15,1,4,427,582,741,598,561,Vous allez bien ?
-1.04,-0.27,0.59,-12,-2,-12,446,488,691,598,552,Vous allez bien ?
-0.9700001,-0.21,0.33,-1,1,-2,414,704,835,599,568,Vous allez bien ?
-1.08,-0.25,0.24,-4,-38,5,481,483,672,591,550,Vous allez bien ?
-0.9700001,-0.21,0.46,-4,-7,13,473,696,830,601,569,Vous allez bien ?
-1.01,-0.21,0.47,1,10,-1,487,492,683,593,553,Vous allez bien ?
-0.99,-0.2,0.51,-3,-4,-3,490,486,677,592,558,Vous allez bien ?
-0.9700001,-0.22,0.33,1,2,0,455,699,835,599,569,Vous allez bien ?
-0.9,-0.23,0.07,-1,9,-8,466,488,676,590,547,Vous allez bien ?
-0.9700001,-0.25,0.34,3,-2,8,461,700,839,601,572,Vous allez bien ?
-0.98,-0.27,0.33,-2,1,-1,364,497,683,591,551,Vous allez bien ?
-0.9700001,-0.24,0.27,0,0,1,390,712,847,600,570,Vous allez bien ?
-0.95,-0.25,0.38,2,3,1,493,689,833,600,574,Vous allez bien ?
-0.9599999,-0.31,0.49,-6,-32,8,489,491,686,594,558,Vous allez bien ?
-0.9700001,-0.28,0.36,-1,0,2,496,704,841,601,576,Vous allez bien ?
-0.92,-0.29,0.28,-2,1,-2,469,504,691,590,552,Vous allez bien ?
-0.93,-0.18,0.21,-13,19,-10,435,586,743,596,561,Vous allez bien ?
-0.95,-0.28,0.37,-1,1,1,452,704,838,598,574,Vous allez bien ?
-0.92,-0.29,0.42,2,-17,8,465,490,683,591,554,Vous allez bien ?
-0.9700001,-0.29,0.36,4,-6,8,463,707,848,600,574,Vous allez bien ?
-0.93,-0.3,0.3,-4,3,-4,482,496,688,592,555,Vous allez bien ?
-0.95,-0.27,0.36,5,1,9,449,696,831,598,570,Vous allez bien ?
-0.94,-0.26,0.32,0,3,0,404,685,827,597,571,Vous allez bien ?
-0.93,-0.29,0.53,-19,9,-4,425,491,683,592,558,Vous allez bien ?
-0.93,-0.29,0.37,0,-5,4,447,721,854,600,573,Vous allez bien ?
-0.95,-0.31,0.36,0,-6,11,443,504,691,591,556,Vous allez bien ?
-0.92,-0.4,0.4,-10,-6,-4,420,504,690,594,560,Vous allez bien ?
-0.9599999,-0.32,0.33,0,1,0,430,700,839,598,574,Vous allez bien ?
-0.93,-0.31,0.34,0,-2,4,428,694,833,598,574,Vous allez bien ?
-0.93,-0.32,0.33,1,-7,5,429,487,675,585,554,Vous allez bien ?
-0.9599999,-0.33,0.29,1,1,1,375,488,680,583,551,Vous allez bien ?
-0.9700001,-0.31,0.35,4,2,4,381,595,739,591,561,Vous allez bien ?
-0.9700001,-0.32,0.36,1,-2,1,413,692,833,595,569,Vous allez bien ?
-0.93,-0.32,0.41,0,-9,4,433,481,673,583,552,Vous allez bien ?
-0.9599999,-0.37,0.45,2,-4,4,440,502,688,591,560,Vous allez bien ?
-0.9700001,-0.32,0.46,6,-13,-3,448,673,789,599,567,Vous allez bien ?
-0.9,-0.31,0.21,3,3,-1,507,499,678,593,564,Vous allez bien ?
-0.9599999,-0.33,0.34,1,3,1,439,700,833,600,576,Vous allez bien ?
-0.95,-0.34,0.19,2,15,-7,455,501,680,590,556,Vous allez bien ?
-1.03,-0.3,0.41,-8,5,-13,468,608,750,598,569,Vous allez bien ?
-0.9700001,-0.34,0.39,5,-4,3,467,633,760,599,572,Vous allez bien ?
-0.98,-0.31,0.42,-5,-4,-9,478,486,680,595,561,Vous allez bien ?
-0.86,-0.23,0.18,-16,29,-22,395,532,700,595,556,Vous allez bien ?
-0.9599999,-0.36,0.39,1,-18,-4,433,692,801,599,568,Vous allez bien ?
-0.94,-0.33,0.27,0,-4,1,376,498,687,593,557,Vous allez bien ?
-0.9599999,-0.32,0.3,11,0,0,398,551,716,596,562,Vous allez bien ?
-0.98,-0.34,0.33,-4,-3,-3,403,496,692,595,553,Vous allez bien ?
-0.93,-0.3,0.29,2,3,1,419,705,839,597,569,Vous allez bien ?
-0.9599999,-0.31,0.34,2,1,1,418,704,838,598,568,Vous allez bien ?
-1.01,-0.36,0.31,-8,-23,7,416,490,679,591,551,Vous allez bien ?
-0.95,-0.3,0.34,6,3,8,438,710,844,598,569,Vous allez bien ?
-0.94,-0.34,0.32,12,2,2,450,528,702,595,557,Vous allez bien ?
-0.95,-0.31,0.38,1,1,0,402,707,843,598,569,Vous allez bien ?
-0.91,-0.28,0.42,-2,-1,11,402,687,823,597,566,Vous allez bien ?
-0.92,-0.36,0.2,5,4,-5,391,506,687,590,551,Vous allez bien ?
-0.93,-0.37,0.32,4,-15,-1,407,488,678,593,555,Vous allez bien ?
-0.9599999,-0.3,0.38,3,6,5,385,689,840,600,570,Vous allez bien ?
-0.9700001,-0.29,0.4,-1,-3,2,355,684,828,571,538,Vous allez bien ?
-0.9599999,-0.29,0.34,1,5,0,356,683,825,572,540,Vous allez bien ?
-0.99,-0.32,0.42,0,0,3,356,493,675,571,527,Vous allez bien ?
-0.88,-0.34,0.2,-1,9,-2,454,496,684,584,537,Vous allez bien ?
-0.95,-0.3,0.34,4,1,7,428,703,838,589,558,Vous allez bien ?
-0.95,-0.3,0.36,0,2,1,409,697,833,582,559,Vous allez bien ?
-0.9700001,-0.31,0.42,-2,-2,6,400,504,683,574,536,Vous allez bien ?
-0.95,-0.29,0.4,-1,3,1,412,695,839,585,561,Vous allez bien ?
-0.93,-0.33,0.34,-2,-8,3,419,676,799,585,555,Vous allez bien ?
-0.92,-0.34,0.3,-1,-7,5,424,493,683,579,545,Vous allez bien ?
-0.95,-0.31,0.36,1,-1,0,400,688,825,585,560,Vous allez bien ?
-0.94,-0.31,0.37,-2,1,1,399,687,824,584,560,Vous allez bien ?
-0.9,-0.36,0.34,0,-14,8,398,486,672,574,540,Vous allez bien ?
-0.9599999,-0.34,0.42,-5,-6,-2,423,669,816,587,563,Vous allez bien ?
-0.95,-0.33,0.39,0,-6,4,443,692,834,589,564,Vous allez bien ?
-0.94,-0.31,0.38,2,0,3,412,697,835,587,562,Vous allez bien ?
-0.95,-0.27,0.33,0,6,2,485,489,674,575,540,Vous allez bien ?
-0.95,-0.27,0.42,11,1,2,480,538,702,583,549,Vous allez bien ?
-0.9599999,-0.38,0.41,8,-26,-12,505,537,723,591,558,Vous allez bien ?
-0.87,-0.3,0.52,-2,5,4,511,712,864,600,579,Vous allez bien ?
-0.92,-0.33,0.47,-1,3,1,487,708,841,596,575,Vous allez bien ?
-0.91,-0.32,0.43,0,2,0,486,707,841,596,574,Vous allez bien ?
-0.91,-0.3,0.47,-2,6,5,478,689,831,593,572,Vous allez bien ?
-0.88,-0.4,0.44,-1,-8,4,471,500,683,584,551,Vous allez bien ?
-0.92,-0.38,0.38,0,5,-1,425,508,698,588,556,Vous allez bien ?
-0.93,-0.35,0.41,0,-1,2,447,694,832,591,569,Vous allez bien ?
-0.95,-0.25,0.65,-16,4,6,439,498,679,583,551,Vous allez bien ?
-0.94,-0.36,0.41,1,0,7,449,704,836,594,572,Vous allez bien ?
-0.9,-0.33,0.32,4,-2,4,455,496,684,582,552,Vous allez bien ?
-0.9599999,-0.34,0.24,-2,0,-5,426,495,688,587,553,Vous allez bien ?
-0.95,-0.32,0.36,0,2,-1,361,681,814,587,563,Vous allez bien ?
-0.93,-0.37,0.36,2,-10,3,444,492,677,582,551,Vous allez bien ?
-0.9,-0.3,0.31,2,9,1,503,702,839,595,575,Vous allez bien ?
-0.92,-0.32,0.32,5,9,5,508,507,692,589,559,Vous allez bien ?
-0.93,-0.34,0.44,-5,1,-2,506,692,831,598,576,Vous allez bien ?
-0.95,-0.32,0.34,2,2,1,460,692,838,592,568,Vous allez bien ?
-0.9700001,-0.34,0.26,-3,-21,9,453,487,681,587,551,Vous allez bien ?
-0.94,-0.31,0.38,1,-2,0,487,717,852,598,570,Vous allez bien ?
-0.94,-0.33,0.33,3,3,5,496,525,696,592,560,Vous allez bien ?
-0.95,-0.37,0.34,15,3,1,474,540,712,596,564,Vous allez bien ?
-0.94,-0.35,0.36,-1,-3,0,415,691,829,591,568,Vous allez bien ?
-0.89,-0.36,0.41,2,-6,7,435,495,679,583,552,Vous allez bien ?
-0.9,-0.27,0.33,-24,23,-24,444,546,711,591,556,Vous allez bien ?
-0.94,-0.37,0.42,11,-15,4,453,583,754,591,560,Vous allez bien ?
-0.9700001,-0.38,0.42,-8,-3,-8,464,509,700,593,556,Vous allez bien ?
-0.92,-0.32,0.4,-1,0,2,409,681,825,593,572,Vous allez bien ?
-0.94,-0.32,0.39,1,-1,1,409,680,824,592,570,Vous allez bien ?
-0.94,-0.37,0.29,-5,-16,-2,423,484,674,584,551,Vous allez bien ?
-0.95,-0.39,0.41,-3,-4,-7,435,643,795,594,569,Vous allez bien ?
0.79,-0.6,0.25,0,0,2,275,620,783,735,651,Merci
0.06,-0.15,1.2,2,-1,1,293,688,838,772,700,Merci
1.51,0.15,0.49,-32,166,-38,289,684,830,769,689,Merci
0.9,0.2,0.31,-97,-68,214,320,697,846,787,720,Merci
0.98,0.2,-0.1,1,6,27,310,698,846,788,721,Merci
1.0,-0.03,-0.04,0,6,0,302,694,841,787,716,Merci
-0.02,-0.17,1.16,0,0,0,283,672,822,769,681,Merci
-0.03,-0.14,1.18,0,2,0,283,674,824,769,684,Merci
-1.98,-0.17,-0.67,26,250,-76,283,664,814,760,664,Merci
1.03,-0.21,0.0,-9,14,-17,318,704,850,796,731,Merci
0.95,0.1,-0.05,4,5,-13,305,700,846,793,726,Merci
-0.009999999,-0.22,1.2,-1,-3,-2,288,696,843,783,716,Merci
0.51,-0.22,1.14,11,9,56,287,693,839,783,712,Merci
-0.86,2.0,-0.25,-40,-248,-248,312,708,857,797,743,Merci
1.0,0.05,-0.11,3,5,7,311,711,859,800,745,Merci
0.9,0.17,-0.03,-1,-4,-4,302,708,856,800,741,Merci
0.05,-0.17,1.17,0,0,2,281,692,841,788,713,Merci
0.82,-0.51,0.04,-4,250,49,276,680,828,777,691,Merci
-1.98,-1.98,0.81,-61,-248,-248,284,704,859,797,742,Merci
0.91,0.24,-0.22,-1,3,10,322,716,864,804,753,Merci
0.87,0.22,-0.21,1,3,3,314,714,860,803,749,Merci
0.0,-0.14,1.18,1,3,0,282,685,834,777,705,Merci
-1.01,-0.22,-0.55,74,250,-72,288,665,815,759,665,Merci
-0.45,2.0,0.05,-26,-236,-248,309,707,856,796,740,Merci
0.89,0.09,-0.08,5,-2,-20,306,710,856,799,741,Merci
0.93,0.15,-0.22,1,0,1,305,708,854,799,739,Merci
0.02,-0.15,1.18,1,1,2,281,683,830,778,697,Merci
-1.98,0.25,0.18,37,145,69,281,676,824,770,684,Merci
-1.08,-1.32,-0.02,-40,10,-248,283,679,827,775,692,Merci
0.94,0.1,-0.11,2,8,11,320,711,857,802,747,Merci
0.9,0.17,-0.08,1,4,-5,316,711,856,801,746,Merci
0.12,-0.15,1.19,1,1,2,266,670,818,763,680,Merci
-0.44,-0.84,-0.7,39,250,-249,270,660,809,754,664,Merci
-1.7,1.25,-0.07,5,-192,-248,327,711,859,800,750,Merci
0.9700001,0.27,-0.08,2,3,2,338,711,855,801,743,Merci
0.89,0.25,0.0,0,-3,0,331,710,853,801,742,Merci
-0.02,-0.15,1.17,1,2,0,281,673,823,776,684,Merci
0.26,-0.25,1.18,1,11,56,280,670,819,774,679,Merci
-1.1,-0.98,0.41,3,44,-92,280,664,814,766,668,Merci
0.92,0.36,-0.009999999,-5,-5,16,284,687,833,782,708,Merci
0.98,0.21,-0.05,1,3,12,284,686,832,781,708,Merci
0.04,-0.19,1.15,0,1,6,273,670,819,767,682,Merci
0.91,0.19,-0.03,-1,6,7,282,700,846,796,728,Merci
0.93,0.25,-0.04,0,6,2,279,699,844,795,726,Merci
0.94,0.23,-0.07,0,4,-3,280,696,840,795,723,Merci
1.03,0.11,-0.13,55,101,250,278,679,828,783,706,Merci
-0.02,-0.2,1.16,1,1,1,263,683,831,768,696,Merci
-0.9,-0.66,0.09,46,230,68,266,675,821,764,678,Merci
-1.51,-0.14,0.33,5,4,10,268,673,820,762,675,Merci
0.91,-0.6,0.12,14,19,27,307,636,796,753,668,Merci
0.07,-0.21,1.16,1,1,2,363,716,863,792,743,Merci
0.52,0.24,0.56,-54,213,15,347,700,843,780,714,Merci
0.17,0.38,-1.29,-5,-248,-248,348,713,861,796,747,Merci
0.87,0.28,-0.14,-2,3,9,358,716,862,799,752,Merci
0.9,0.25,-0.15,-1,4,4,355,716,861,799,750,Merci
0.24,-0.21,0.94,-25,141,-33,319,694,836,776,705,Merci
-1.98,-1.98,0.26,-55,-101,-248,302,702,853,787,736,Merci
0.14,2.0,-0.02,-29,30,87,378,721,867,803,756,Merci
0.88,0.16,-0.15,5,0,-1,363,719,863,800,752,Merci
0.93,0.13,-0.15,-2,-4,-8,359,715,859,799,748,Merci
0.009999999,-0.12,1.17,1,2,1,299,686,831,767,700,Merci
-1.47,-0.29,0.26,3,161,-11,324,671,816,752,675,Merci
-1.39,-0.18,0.27,6,20,-5,327,675,820,756,680,Merci
0.91,0.39,-0.15,-4,5,-8,412,719,860,801,752,Merci
0.91,0.25,-0.14,0,1,8,412,718,860,801,752,Merci
0.0,-0.16,1.18,-1,0,0,284,691,841,777,713,Merci
0.59,0.08,0.9,-1,131,-18,287,684,832,771,700,Merci
-1.44,-0.06,0.24,5,50,-12,295,681,831,769,694,Merci
1.09,0.56,-0.42,37,17,-120,330,712,856,800,745,Merci
0.93,0.32,-0.09,6,6,9,325,705,851,799,738,Merci
-0.03,-0.12,1.19,1,1,1,280,695,841,772,711,Merci
-1.07,0.38,0.76,-55,192,75,286,674,819,755,676,Merci
-1.98,-1.98,1.1,-84,-160,-248,267,696,848,782,731,Merci
0.91,0.17,-0.2,7,2,-1,331,721,865,803,759,Merci
0.91,0.13,-0.2,2,6,-6,336,721,864,803,758,Merci
0.009999999,-0.09,1.19,-2,-2,-1,265,688,838,761,711,Merci
0.03,-0.07,1.18,2,5,-9,263,688,835,761,707,Merci
-1.25,0.48,0.35,10,153,-19,280,671,816,752,675,Merci
0.05,2.0,-0.58,99,-166,-248,283,707,849,787,736,Merci
0.9700001,0.2,-0.07,4,2,-18,304,705,847,789,735,Merci
-0.11,-0.08,1.16,-3,2,12,255,689,843,765,719,Merci
-0.18,-0.58,0.34,-30,243,-72,260,677,824,758,688,Merci
-1.02,-0.31,0.24,-6,-16,-21,290,681,828,759,691,Merci
0.89,0.26,-0.2,-1,0,-4,367,716,862,799,753,Merci
0.92,0.16,-0.16,3,2,-5,352,713,859,797,751,Merci
-0.04,-0.1,1.2,2,1,-8,270,704,852,772,731,Merci
0.67,-0.3,1.19,4,2,-49,270,694,836,769,710,Merci
-1.04,-0.22,0.16,-11,-8,-27,314,689,833,766,698,Merci
1.11,-1.03,0.009999999,-41,-54,-3,328,723,868,803,758,Merci
0.88,0.25,-0.24,2,-1,1,351,723,867,804,758,Merci
-0.13,0.02,1.02,-65,92,28,270,680,823,756,688,Merci
-1.06,-0.02,0.63,-9,115,93,291,684,827,759,694,Merci
0.92,0.98,-0.52,10,6,20,349,722,866,799,756,Merci
0.83,-0.05,-0.009999999,-5,-4,-9,348,721,864,799,756,Merci
0.9700001,0.15,-0.18,2,2,1,337,718,860,799,747,Merci
-0.1,-0.08,1.17,2,2,-2,254,706,852,766,728,Merci
-1.01,-0.13,0.72,-37,144,82,263,688,830,764,703,Merci
-1.29,-0.19,0.24,6,8,10,292,689,831,764,701,Merci
0.92,0.13,-0.16,3,-1,9,396,716,860,800,749,Merci
0.9,0.2,-0.08,1,1,-7,399,716,857,800,748,Merci
-0.05,-0.1,1.18,-1,1,6,307,699,847,777,724,Merci
0.69,0.14,1.11,-10,50,-60,311,694,836,774,713,Merci
-1.09,-0.27,0.32,-4,-16,7,355,693,835,774,704,Merci
0.95,1.81,0.1,-123,-30,241,343,708,849,788,736,Merci
0.93,0.23,-0.06,1,9,11,387,709,851,794,735,Merci
-0.11,-0.15,1.16,2,4,3,269,696,841,775,715,Merci
-0.92,-0.66,0.04,52,189,102,289,687,829,768,696,Merci
-1.05,-0.28,0.21,0,-4,9,305,690,831,769,699,Merci
0.98,0.37,-0.25,15,-2,-9,396,718,859,798,749,Merci
0.99,0.19,-0.12,-3,2,24,394,715,856,798,744,Merci
-0.07,-0.07,1.18,-1,1,0,270,712,859,783,743,Merci
-0.03,0.02,0.56,-90,162,5,292,700,839,776,713,Merci
-1.98,-1.54,-0.35,141,-152,-248,312,706,856,784,742,Merci
0.91,0.2,-0.07,-4,3,22,367,716,858,792,747,Merci
0.99,0.12,-0.09,-1,5,-1,384,715,857,792,747,Merci
-0.07,-0.09,1.19,-5,9,27,279,711,857,778,739,Merci
0.81,0.09,0.85,-66,158,-30,292,704,843,775,718,Merci
-0.84,-1.74,0.21,-109,46,-248,328,700,844,780,719,Merci
0.85,0.26,-0.1,-2,-5,14,415,716,857,795,745,Merci
0.99,0.2,-0.17,4,6,11,416,713,856,793,741,Merci
-0.009999999,-0.05,1.17,-1,2,0,287,718,862,792,746,Merci
-1.98,-0.02,0.32,-11,138,-98,361,698,839,775,710,Merci
1.08,0.11,-0.21,10,28,3,355,716,859,798,745,Merci
0.84,0.16,-0.03,-1,-10,0,347,708,852,796,739,Merci
0.91,0.009999999,-0.03,0,1,3,352,707,850,796,735,Merci
-0.05,-0.08,1.18,1,2,0,269,707,854,770,734,Merci
-1.5,-0.23,0.3,0,33,-3,318,691,833,764,700,Merci
-1.07,-0.24,0.25,2,-4,5,323,694,831,766,702,Merci
0.87,0.009999999,-0.1,10,-4,-15,381,713,857,792,747,Merci
0.98,0.0,-0.09,-4,3,-5,379,708,851,792,737,Merci
-0.1,-0.05,1.19,0,-1,1,259,697,848,767,728,Merci
-0.07,-0.11,1.18,1,1,0,259,695,849,767,728,Merci
-0.48,0.12,0.62,-89,250,62,284,684,828,760,696,Merci
-1.02,-0.61,0.05,-12,32,-144,327,688,831,765,701,Merci
0.83,0.1,0.0,3,2,18,359,717,860,796,750,Merci
-0.009999999,-0.03,1.19,0,3,1,300,707,851,777,732,Merci
-0.02,0.19,1.03,-47,145,-29,295,691,830,769,698,Merci
-1.11,-0.69,0.1,15,29,-94,333,694,835,771,701,Merci
0.88,0.03,0.14,-3,10,1,308,707,847,790,739,Merci
0.95,0.04,0.0,5,-4,-1,307,696,837,791,728,Merci
1.11,-0.12,0.9700001,9,79,-1,267,689,832,758,703,Merci
-1.24,-0.46,0.2,-4,-18,13,326,682,826,752,684,Merci
-1.28,-1.92,0.21,-57,-75,-248,291,677,825,754,689,Merci
0.89,0.45,0.02,-5,-6,32,314,705,848,783,738,Merci
0.94,0.35,-0.04,0,7,16,312,701,844,781,732,Merci
-0.13,-0.17,1.26,5,-6,-15,278,683,834,766,707,Merci
0.72,0.12,1.09,2,83,-100,278,670,816,755,681,Merci
-1.59,-0.83,-0.36,35,250,-92,307,673,821,756,684,Merci
0.79,-0.53,0.39,0,-43,51,423,688,840,767,728,Merci
0.95,0.21,0.009999999,1,3,6,438,689,837,771,724,Merci
-0.1,-0.04,1.17,0,1,-2,264,687,839,761,712,Merci
-0.89,-0.7,0.08,-21,244,-65,313,676,824,753,686,Merci
-1.35,-0.18,-0.19,13,182,25,337,681,828,754,688,Merci
0.94,0.13,-0.05,5,-1,7,419,704,847,784,734,Merci
0.93,0.16,-0.12,-1,-5,8,424,702,844,784,731,Merci
-0.08,-0.07,1.19,0,3,2,263,681,831,755,696,Merci
-1.22,-0.09,0.17,4,-13,21,332,686,830,756,692,Merci
-1.01,-0.21,0.13,3,0,-5,336,686,830,756,694,Merci
0.9599999,0.23,-0.13,-4,3,13,364,699,844,789,732,Merci
0.93,0.2,-0.09,0,3,11,364,699,844,788,732,Merci
-0.07,-0.05,1.18,0,2,6,270,704,854,773,731,Merci
-1.25,-0.82,-0.08,35,209,-53,324,687,831,758,692,Merci
-1.98,1.86,0.27,250,-66,-248,291,694,844,764,719,Merci
0.95,-0.04,-0.14,6,-19,-19,420,690,837,763,712,Merci
0.9599999,0.13,-0.04,0,3,6,396,689,838,768,715,Merci
-0.009999999,-0.12,1.18,1,3,1,272,688,838,760,710,Merci
-0.87,-1.42,-0.55,104,250,102,300,671,820,748,679,Merci
-1.22,-0.12,0.11,18,7,33,326,682,827,754,688,Merci
0.84,0.2,0.05,4,4,14,399,695,833,764,731,Merci
1.07,0.25,-0.13,3,13,19,415,709,848,791,739,Merci
-0.07,-0.04,1.17,1,0,-2,251,691,844,764,718,Merci
0.009999999,-0.42,0.31,-60,211,-5,286,675,819,748,675,Merci
-1.98,-1.98,0.13,-169,52,-248,292,686,847,780,724,Merci
0.9599999,-0.03,0.05,-5,11,10,396,704,843,786,736,Merci
0.95,0.09,-0.06,1,1,-9,430,711,847,788,737,Merci
-0.07,0.03,1.17,0,0,1,258,695,844,771,719,Merci
0.82,0.21,0.93,-19,94,-22,259,683,825,760,691,Merci
-1.51,-0.1,0.26,16,83,11,316,687,827,760,688,Merci
1.06,0.54,-0.33,1,49,-34,310,707,850,755,734,Merci
0.95,0.2,-0.11,6,14,15,374,714,852,771,739,Merci
-0.03,-0.09,1.18,-2,2,5,262,691,839,757,706,Merci
-0.86,-0.66,0.28,25,200,-44,299,679,823,748,680,Merci
-1.31,-0.09,0.24,5,101,-15,312,683,825,748,684,Merci
0.81,0.45,-0.25,4,3,30,333,711,852,776,743,Merci
0.48,-0.88,0.15,1,1,0,297,551,709,603,565,Pouvez-vous m'aidez?
0.44,-0.9,0.28,0,-1,0,424,556,728,628,592,Pouvez-vous m'aidez?
0.39,-0.91,0.25,2,2,1,419,558,729,628,592,Pouvez-vous m'aidez?
0.41,-0.91,0.24,0,1,1,420,558,729,629,592,Pouvez-vous m'aidez?
0.39,-0.92,0.25,1,2,1,419,559,730,628,593,Pouvez-vous m'aidez?
0.36,-0.94,0.26,1,0,0,420,560,724,611,581,Pouvez-vous m'aidez?
0.17,-0.94,0.37,-1,-8,-7,543,447,616,484,435,Pouvez-vous m'aidez?
-0.08,-1.98,0.48,77,-10,184,547,449,619,488,440,Pouvez-vous m'aidez?
0.13,-0.63,0.38,-6,54,-53,575,499,656,511,487,Pouvez-vous m'aidez?
0.12,-1.98,0.53,21,12,3,579,443,615,489,435,Pouvez-vous m'aidez?
0.28,-0.72,0.48,-1,16,42,603,447,619,492,439,Pouvez-vous m'aidez?
0.22,-0.9700001,0.32,1,3,5,597,465,633,509,461,Pouvez-vous m'aidez?
0.22,-0.55,0.59,-43,-9,16,611,460,632,502,457,Pouvez-vous m'aidez?
0.33,-0.78,0.3,-57,45,89,600,467,636,507,464,Pouvez-vous m'aidez?
0.38,0.4,0.12,46,-120,-245,604,465,634,499,460,Pouvez-vous m'aidez?
0.3,-0.14,0.3,-81,27,2,612,464,635,507,462,Pouvez-vous m'aidez?
0.17,-0.98,0.32,0,1,2,608,465,636,519,468,Pouvez-vous m'aidez?
0.23,-0.27,0.32,-70,33,91,624,464,638,512,467,Pouvez-vous m'aidez?
0.14,-1.06,0.35,-4,-2,-12,595,463,635,522,469,Pouvez-vous m'aidez?
0.51,-0.61,0.29,-1,9,28,633,464,640,513,472,Pouvez-vous m'aidez?
0.54,-1.98,0.3,1,14,70,603,460,632,523,472,Pouvez-vous m'aidez?
0.15,-0.9599999,0.36,-1,1,1,614,460,632,524,472,Pouvez-vous m'aidez?
-0.43,-0.39,0.59,125,-135,-205,628,458,636,507,465,Pouvez-vous m'aidez?
0.29,-1.53,0.23,-32,-17,69,627,460,636,519,472,Pouvez-vous m'aidez?
0.06,-0.47,0.3,78,-33,-110,635,461,637,512,473,Pouvez-vous m'aidez?
0.39,-0.56,0.38,-14,13,21,636,463,638,515,475,Pouvez-vous m'aidez?
0.15,-1.02,0.29,1,2,0,605,463,636,527,475,Pouvez-vous m'aidez?
0.27,-0.43,0.44,-14,-5,19,631,465,636,518,473,Pouvez-vous m'aidez?
0.11,-0.58,0.29,-46,22,53,624,464,636,520,473,Pouvez-vous m'aidez?
-0.03,-0.82,0.43,97,-16,-126,619,464,638,515,472,Pouvez-vous m'aidez?
0.53,0.28,0.2,9,-40,-39,628,462,634,517,472,Pouvez-vous m'aidez?
0.1,-1.0,0.32,-1,0,0,588,465,636,524,474,Pouvez-vous m'aidez?
0.18,-1.98,0.45,57,-3,43,588,466,638,523,475,Pouvez-vous m'aidez?
0.18,-0.56,0.31,-52,8,51,600,469,640,524,476,Pouvez-vous m'aidez?
0.03,-1.19,0.42,-1,-6,13,565,465,636,527,475,Pouvez-vous m'aidez?
0.35,-0.72,0.53,-22,11,15,601,467,637,520,472,Pouvez-vous m'aidez?
0.13,-0.9599999,0.34,1,3,4,599,466,636,528,478,Pouvez-vous m'aidez?
0.18,-0.3,0.34,-25,5,39,620,467,638,520,476,Pouvez-vous m'aidez?
0.33,-0.6,0.14,-35,-30,-1,609,471,640,521,480,Pouvez-vous m'aidez?
-0.44,-1.98,0.4,72,-43,24,612,473,643,523,483,Pouvez-vous m'aidez?
0.46,-0.71,0.46,-6,25,47,626,472,641,524,483,Pouvez-vous m'aidez?
0.1,-1.01,0.34,0,0,0,598,473,640,535,485,Pouvez-vous m'aidez?
0.05,-1.98,0.51,53,-31,-38,600,473,642,532,484,Pouvez-vous m'aidez?
0.19,-0.54,0.29,-82,44,41,607,474,641,527,482,Pouvez-vous m'aidez?
0.1,-1.0,0.37,-1,3,-2,556,475,641,532,482,Pouvez-vous m'aidez?
0.11,-1.04,0.38,-2,-1,-1,551,475,641,534,483,Pouvez-vous m'aidez?
0.11,-0.99,0.35,0,1,3,594,474,639,535,483,Pouvez-vous m'aidez?
0.24,-0.52,0.54,-18,10,31,614,475,641,524,480,Pouvez-vous m'aidez?
0.23,-0.79,0.33,-58,17,25,603,476,644,528,483,Pouvez-vous m'aidez?
0.08,-1.89,0.39,5,-4,9,590,474,642,534,483,Pouvez-vous m'aidez?
0.44,-0.79,0.46,-7,15,62,625,474,643,527,484,Pouvez-vous m'aidez?
0.19,-0.9700001,0.29,-1,-1,-2,588,475,642,536,485,Pouvez-vous m'aidez?
0.2,-0.98,0.29,1,0,1,584,475,643,537,485,Pouvez-vous m'aidez?
0.17,-0.44,0.43,-61,39,24,618,473,642,527,480,Pouvez-vous m'aidez?
0.21,-1.08,0.24,-50,24,149,601,472,640,528,478,Pouvez-vous m'aidez?
0.07,-0.77,0.54,-18,-9,42,627,475,642,522,480,Pouvez-vous m'aidez?
0.16,-0.98,0.28,2,0,0,572,475,640,536,486,Pouvez-vous m'aidez?
0.02,-1.98,0.28,110,-69,-143,583,478,644,526,487,Pouvez-vous m'aidez?
0.52,-0.74,0.42,4,17,44,611,475,643,527,487,Pouvez-vous m'aidez?
0.13,-1.12,0.34,4,20,3,575,465,636,535,483,Pouvez-vous m'aidez?
0.29,0.71,0.22,17,-66,-131,614,471,640,527,485,Pouvez-vous m'aidez?
0.19,-0.9599999,0.32,0,0,0,593,468,637,536,486,Pouvez-vous m'aidez?
0.29,-1.98,0.51,16,-16,-2,606,469,638,535,486,Pouvez-vous m'aidez?
0.17,-0.45,0.44,-75,24,45,621,471,639,528,483,Pouvez-vous m'aidez?
0.11,-1.2,0.34,0,-4,-1,599,470,638,539,485,Pouvez-vous m'aidez?
0.45,-0.79,0.53,-5,3,13,628,470,640,527,484,Pouvez-vous m'aidez?
0.18,-0.9599999,0.34,0,0,4,625,467,634,541,487,Pouvez-vous m'aidez?
0.3,-1.36,0.33,6,-3,32,625,468,636,540,487,Pouvez-vous m'aidez?
0.26,-0.27,0.39,-76,14,37,629,473,639,529,487,Pouvez-vous m'aidez?
0.26,-1.98,0.2,8,4,39,607,469,637,539,487,Pouvez-vous m'aidez?
0.36,-0.82,0.56,-25,-4,-6,628,474,641,528,488,Pouvez-vous m'aidez?
0.21,-0.9700001,0.29,0,1,0,611,477,643,541,492,Pouvez-vous m'aidez?
0.24,-1.98,0.39,59,-18,-88,611,478,646,539,493,Pouvez-vous m'aidez?
0.07,-0.8,0.4,-67,21,71,576,479,644,536,491,Pouvez-vous m'aidez?
0.13,-1.77,0.45,11,-6,24,563,480,643,547,494,Pouvez-vous m'aidez?
0.3,-0.49,0.4,-55,26,20,620,481,647,535,492,Pouvez-vous m'aidez?
0.16,-0.94,0.29,0,2,1,583,475,643,542,489,Pouvez-vous m'aidez?
0.44,-0.02,0.33,-23,-17,-4,619,476,643,528,480,Pouvez-vous m'aidez?
0.24,-1.19,0.31,-11,25,118,604,473,641,532,482,Pouvez-vous m'aidez?
0.15,-1.98,0.48,33,-24,-22,600,474,641,536,485,Pouvez-vous m'aidez?
0.53,-0.67,0.39,-18,11,33,620,477,643,532,486,Pouvez-vous m'aidez?
0.19,-0.9700001,0.29,0,-2,2,609,476,642,540,490,Pouvez-vous m'aidez?
0.31,-1.21,0.34,8,2,8,600,476,643,541,492,Pouvez-vous m'aidez?
0.16,-0.43,0.41,-65,18,45,621,476,644,531,491,Pouvez-vous m'aidez?
0.22,-1.01,0.29,-1,-2,-15,589,469,637,546,492,Pouvez-vous m'aidez?
0.31,-0.45,0.46,-51,20,23,628,473,645,531,490,Pouvez-vous m'aidez?
0.19,-0.98,0.34,1,1,3,591,471,639,545,491,Pouvez-vous m'aidez?
0.48,-0.8,0.58,-22,7,1,619,474,643,539,491,Pouvez-vous m'aidez?
0.23,-1.36,0.14,-6,39,149,591,473,640,543,489,Pouvez-vous m'aidez?
0.22,-0.48,0.58,-7,0,31,620,477,646,538,491,Pouvez-vous m'aidez?
0.14,-0.58,0.49,-42,8,71,611,476,644,539,488,Pouvez-vous m'aidez?
0.18,-0.98,0.31,1,2,2,611,476,641,546,493,Pouvez-vous m'aidez?
0.48,-0.03,0.35,-17,6,94,622,479,646,537,493,Pouvez-vous m'aidez?
0.12,-0.73,0.28,-4,11,17,580,479,644,553,497,Pouvez-vous m'aidez?
0.05,0.24,0.39,58,-60,-147,625,480,644,537,494,Pouvez-vous m'aidez?
0.26,-1.89,0.29,6,28,175,590,478,644,545,496,Pouvez-vous m'aidez?
0.22,-0.98,0.34,1,0,0,602,478,644,545,497,Pouvez-vous m'aidez?
0.55,-0.27,0.34,-28,-12,12,627,479,646,537,496,Pouvez-vous m'aidez?
0.22,-0.88,0.24,-41,14,66,623,476,645,537,494,Pouvez-vous m'aidez?
0.34,-1.98,0.15,37,-26,-50,627,471,646,542,496,Pouvez-vous m'aidez?
0.45,-0.89,0.51,-6,3,-3,637,471,647,533,492,Pouvez-vous m'aidez?
0.21,-0.9700001,0.32,0,1,0,591,470,647,547,497,Pouvez-vous m'aidez?
0.25,-0.83,0.22,95,-10,-78,615,474,649,536,497,Pouvez-vous m'aidez?
0.32,-1.98,0.39,42,43,167,595,470,646,551,497,Pouvez-vous m'aidez?
0.23,-1.52,0.29,52,-15,-43,608,474,648,544,498,Pouvez-vous m'aidez?
0.09,-1.01,0.38,-15,13,37,612,476,649,543,497,Pouvez-vous m'aidez?
0.2,-0.9700001,0.34,0,2,2,611,478,649,547,503,Pouvez-vous m'aidez?
0.39,0.14,0.3,3,-23,-35,622,479,651,536,500,Pouvez-vous m'aidez?
0.29,-0.75,0.18,-20,6,94,591,479,650,542,501,Pouvez-vous m'aidez?
-0.15,0.18,0.6,71,-58,-150,595,480,652,539,496,Pouvez-vous m'aidez?
0.46,-0.4,0.4,-12,7,26,598,480,651,540,498,Pouvez-vous m'aidez?
0.26,-1.07,0.4,1,0,3,588,476,645,545,493,Pouvez-vous m'aidez?
0.34,-0.33,0.44,-6,-13,-13,632,479,647,536,495,Pouvez-vous m'aidez?
0.23,-0.58,0.2,-5,7,31,601,476,645,550,496,Pouvez-vous m'aidez?
0.14,-1.09,0.29,50,-3,-93,620,479,650,542,498,Pouvez-vous m'aidez?
0.29,-1.17,0.18,-39,9,107,617,479,650,548,503,Pouvez-vous m'aidez?
0.26,-0.93,0.32,1,0,2,619,472,648,552,504,Pouvez-vous m'aidez?
0.42,-0.15,0.43,3,-18,-29,623,475,648,542,502,Pouvez-vous m'aidez?
0.35,-0.4,0.12,4,58,79,596,474,647,549,504,Pouvez-vous m'aidez?
0.32,-1.21,0.43,55,6,-40,583,478,648,556,503,Pouvez-vous m'aidez?
0.16,-0.9700001,0.42,0,1,4,605,477,649,556,501,Pouvez-vous m'aidez?
0.17,-0.98,0.4,0,-2,-1,593,477,648,556,504,Pouvez-vous m'aidez?
0.1,0.07,0.46,-19,-64,-151,620,477,648,544,502,Pouvez-vous m'aidez?
0.36,-0.65,0.41,-24,15,16,620,478,648,547,504,Pouvez-vous m'aidez?
0.16,-0.88,0.39,-6,-5,-32,537,476,648,562,503,Pouvez-vous m'aidez?
0.41,-0.74,0.45,-11,13,4,615,482,652,543,503,Pouvez-vous m'aidez?
0.14,-0.98,0.38,0,1,2,556,482,652,558,505,Pouvez-vous m'aidez?
0.11,-1.0,0.27,71,-20,-131,618,483,653,548,508,Pouvez-vous m'aidez?
0.34,-0.73,0.41,-21,13,11,622,484,654,547,507,Pouvez-vous m'aidez?
0.2,-1.18,0.28,6,0,12,587,473,648,562,506,Pouvez-vous m'aidez?
0.38,-0.49,0.29,0,-7,-1,609,478,649,550,505,Pouvez-vous m'aidez?
0.19,-0.98,0.36,0,0,0,574,476,648,556,503,Pouvez-vous m'aidez?
0.11,-1.31,0.38,89,-31,-42,598,479,649,551,504,Pouvez-vous m'aidez?
0.28,-0.62,0.28,-89,3,32,593,477,648,551,498,Pouvez-vous m'aidez?
0.1,-0.87,0.37,1,4,-2,568,478,648,564,502,Pouvez-vous m'aidez?
0.3,-0.93,0.47,-11,8,16,614,478,651,547,502,Pouvez-vous m'aidez?
0.22,-0.9599999,0.33,0,0,1,612,478,647,551,503,Pouvez-vous m'aidez?
0.12,0.11,0.34,17,-51,-89,619,479,647,542,498,Pouvez-vous m'aidez?
0.31,-1.78,0.26,16,13,31,603,481,648,556,501,Pouvez-vous m'aidez?
0.1,-1.03,0.37,-4,0,-10,597,482,649,557,500,Pouvez-vous m'aidez?
0.36,-0.8,0.45,-3,3,8,623,484,651,540,499,Pouvez-vous m'aidez?
0.12,-0.98,0.38,-1,0,1,595,480,649,555,502,Pouvez-vous m'aidez?
0.24,-1.58,0.36,8,6,42,592,480,648,550,500,Pouvez-vous m'aidez?
0.04,-0.22,0.41,-82,0,9,609,480,647,540,495,Pouvez-vous m'aidez?
0.11,-1.3,0.44,6,7,24,583,480,646,561,499,Pouvez-vous m'aidez?
0.24,-0.81,0.42,7,9,-10,608,481,647,539,495,Pouvez-vous m'aidez?
0.14,-0.99,0.35,1,1,2,546,483,647,557,499,Pouvez-vous m'aidez?
0.33,-1.56,0.32,74,5,-55,620,480,646,542,496,Pouvez-vous m'aidez?
0.26,-0.67,0.42,-25,23,-12,620,475,644,536,492,Pouvez-vous m'aidez?
0.04,-0.07,0.45,38,-64,-80,606,476,646,545,497,Pouvez-vous m'aidez?
0.31,-0.56,0.37,-20,0,28,608,478,647,544,498,Pouvez-vous m'aidez?
0.13,-0.98,0.38,0,0,2,440,482,646,560,499,Pouvez-vous m'aidez?
0.13,-0.99,0.39,-1,0,-1,496,482,646,560,500,Pouvez-vous m'aidez?
0.35,-0.67,0.47,-16,17,22,614,480,645,545,496,Pouvez-vous m'aidez?
-0.15,-1.7,0.62,21,-11,-63,598,479,639,556,491,Pouvez-vous m'aidez?
0.22,-0.42,0.37,-9,-1,-17,618,483,645,541,493,Pouvez-vous m'aidez?
0.11,-1.0,0.37,1,0,0,607,482,643,560,497,Pouvez-vous m'aidez?
0.19,-0.47,0.51,-23,-3,-15,620,484,644,533,491,Pouvez-vous m'aidez?
0.17,-0.56,0.06,-10,7,18,563,484,643,556,495,Pouvez-vous m'aidez?
0.009999999,-1.98,0.49,14,-11,2,567,485,644,550,495,Pouvez-vous m'aidez?
0.19,-0.44,0.4,-55,32,25,626,489,649,536,496,Pouvez-vous m'aidez?
0.14,-0.9599999,0.39,0,1,2,595,487,647,557,503,Pouvez-vous m'aidez?
0.16,-1.18,0.36,77,5,-138,607,486,646,540,496,Pouvez-vous m'aidez?
0.08,-0.33,0.08,-16,-16,-69,586,480,640,551,491,Pouvez-vous m'aidez?
0.23,-1.28,0.42,13,18,27,584,480,640,552,491,Pouvez-vous m'aidez?
0.37,-0.84,0.48,-5,5,4,624,480,643,537,492,Pouvez-vous m'aidez?
0.18,-0.98,0.32,1,0,2,576,483,646,558,500,Pouvez-vous m'aidez?
0.11,0.02,0.43,11,-48,-77,616,483,645,541,491,Pouvez-vous m'aidez?
0.14,-0.41,0.41,-59,19,7,609,483,646,540,492,Pouvez-vous m'aidez?
0.1,-1.78,0.39,55,-6,-30,601,486,647,551,496,Pouvez-vous m'aidez?
0.37,-0.78,0.54,-15,17,26,625,486,647,543,495,Pouvez-vous m'aidez?
0.07,-1.0,0.42,0,0,-1,585,485,647,574,503,Pouvez-vous m'aidez?
0.19,-1.52,0.27,37,-34,-136,602,487,648,557,500,Pouvez-vous m'aidez?
0.17,-0.51,0.16,-54,22,73,605,487,647,553,497,Pouvez-vous m'aidez?
0.11,-0.88,0.36,3,3,15,567,488,648,575,504,Pouvez-vous m'aidez?
0.18,-0.91,0.57,-8,13,-9,622,490,649,547,497,Pouvez-vous m'aidez?
0.1,-0.98,0.4,0,0,4,591,487,647,571,504,Pouvez-vous m'aidez?
0.25,-0.2,0.51,8,-21,-14,612,476,640,542,485,Pouvez-vous m'aidez?
0.58,-1.29,-0.06,-61,4,112,598,481,644,565,497,Pouvez-vous m'aidez?
0.21,-0.28,0.34,33,-41,-138,603,483,646,560,497,Pouvez-vous m'aidez?
0.24,-0.27,0.3,-36,25,22,603,483,646,561,498,Pouvez-vous m'aidez?
0.13,-0.99,0.36,0,1,1,577,484,646,568,502,Pouvez-vous m'aidez?
0.22,-1.44,0.38,2,0,47,573,484,646,568,502,Pouvez-vous m'aidez?
0.42,-1.11,0.46,-74,13,9,600,480,643,541,485,Pouvez-vous m'aidez?
-0.02,-0.9700001,0.41,-3,-3,-12,563,479,638,553,487,Pouvez-vous m'aidez?
0.26,-0.83,0.55,-12,13,17,611,480,641,537,484,Pouvez-vous m'aidez?
0.12,-0.99,0.37,0,1,1,578,481,640,560,496,Pouvez-vous m'aidez?
0.23,-0.67,0.5,-23,16,10,609,483,643,543,492,Pouvez-vous m'aidez?
0.17,-1.06,0.39,17,2,24,600,486,643,550,493,Pouvez-vous m'aidez?
0.11,-0.53,0.41,76,-28,-66,617,486,643,543,489,Pouvez-vous m'aidez?
0.29,-0.77,0.5,-16,14,7,614,485,641,546,488,Pouvez-vous m'aidez?
0.11,-0.99,0.36,0,1,2,534,487,643,560,496,Pouvez-vous m'aidez?
0.1,-0.06,0.44,8,-42,-73,591,486,645,540,492,Pouvez-vous m'aidez?
0.06,-1.67,0.34,18,-14,74,548,486,641,553,494,Pouvez-vous m'aidez?
0.23,-0.15,0.33,-11,-18,-101,593,487,644,544,489,Pouvez-vous m'aidez?
0.12,-0.85,0.5,-9,12,27,593,486,645,544,490,Pouvez-vous m'aidez?
0.05,-0.9700001,0.4,2,2,5,566,487,643,557,497,Pouvez-vous m'aidez?
0.04,-1.77,0.48,12,1,70,562,487,643,554,496,Pouvez-vous m'aidez?
0.27,-0.76,0.51,-19,9,13,604,487,645,542,493,Pouvez-vous m'aidez?
-0.08,-1.52,0.46,-3,-9,-10,568,487,642,553,496,Pouvez-vous m'aidez?
0.23,-0.73,0.53,-18,-2,10,620,487,644,542,492,Pouvez-vous m'aidez?
0.08,-0.99,0.42,-1,0,-1,515,486,643,556,497,Pouvez-vous m'aidez?
0.04,-1.53,0.49,-1,3,9,531,485,643,554,497,Pouvez-vous m'aidez?
0.24,-0.63,0.39,7,8,34,586,487,647,540,495,Pouvez-vous m'aidez?
-0.03,-0.99,0.45,-5,-8,-30,520,484,641,556,495,Pouvez-vous m'aidez?
0.28,-0.78,0.52,-11,8,11,624,483,647,540,495,Pouvez-vous m'aidez?
0.19,-0.9700001,0.38,0,0,1,572,484,645,552,497,Pouvez-vous m'aidez?
0.27,-1.5,0.35,6,12,41,569,483,646,551,497,Pouvez-vous m'aidez?
0.4,-0.58,0.5,-17,-3,-2,606,483,646,543,494,Pouvez-vous m'aidez?
0.03,-0.75,0.36,-9,-4,-13,591,482,643,553,492,Pouvez-vous m'aidez?
0.45,-0.12,0.33,17,-15,-20,619,485,646,547,496,Pouvez-vous m'aidez?
0.16,-0.98,0.39,0,-1,-1,611,484,645,555,497,Pouvez-vous m'aidez?
0.12,-1.25,0.41,74,10,-56,611,485,647,547,497,Pouvez-vous m'aidez?
0.02,-0.59,0.48,-62,21,2,599,485,646,548,494,Pouvez-vous m'aidez?
-0.1,-1.28,0.51,-5,-9,-43,560,488,645,558,499,Pouvez-vous m'aidez?
0.32,-0.56,0.48,-12,32,22,612,489,644,546,495,Pouvez-vous m'aidez?
0.16,-0.98,0.39,2,0,0,605,480,643,561,501,Pouvez-vous m'aidez?
0.27,-1.36,0.42,11,8,27,599,481,644,560,500,Pouvez-vous m'aidez?
0.23,-0.78,0.54,-19,16,18,608,483,643,545,495,Pouvez-vous m'aidez?
0.06,-1.15,0.42,1,1,2,568,483,642,555,494,Pouvez-vous m'aidez?
0.22,-0.26,0.46,-2,-15,-44,615,484,645,543,496,Pouvez-vous m'aidez?
0.18,-0.98,0.35,0,1,1,607,490,647,566,504,Pouvez-vous m'aidez?
0.18,-1.03,0.35,1,1,7,600,490,647,566,503,Pouvez-vous m'aidez?
0.0,-0.62,0.41,-67,28,59,584,486,644,534,487,Pouvez-vous m'aidez?
-0.009999999,-1.36,0.45,3,8,20,575,487,643,549,493,Pouvez-vous m'aidez?
0.28,-0.58,0.51,-23,26,36,614,490,647,546,496,Pouvez-vous m'aidez?
0.16,-0.9700001,0.39,0,0,1,624,487,646,560,504,Pouvez-vous m'aidez?
0.3,-1.98,0.37,58,7,-20,620,488,647,553,502,Pouvez-vous m'aidez?
0.22,-0.79,0.6,-11,8,16,614,484,643,541,490,Pouvez-vous m'aidez?
-0.09,-1.31,0.51,0,5,32,536,488,641,559,494,Pouvez-vous m'aidez?
0.21,-0.41,0.43,-4,-8,-29,591,489,648,540,495,Pouvez-vous m'aidez?
0.06,-0.99,0.43,1,0,2,556,489,646,559,501,Pouvez-vous m'aidez?
0.1,-1.05,0.41,3,5,5,550,489,643,559,501,Pouvez-vous m'aidez?
0.14,-0.56,0.58,-29,6,12,593,478,640,544,490,Pouvez-vous m'aidez?
0.07,-1.33,0.43,13,1,3,558,480,639,563,495,Pouvez-vous m'aidez?
0.29,-0.77,0.62,-9,3,20,588,481,641,548,491,Pouvez-vous m'aidez?
0.09,-0.99,0.37,1,1,1,551,486,645,568,499,Pouvez-vous m'aidez?
0.16,-0.3,0.31,-23,-22,-56,595,486,646,555,499,Pouvez-vous m'aidez?
-0.0,-0.48,0.39,-32,-27,27,583,486,646,553,497,Pouvez-vous m'aidez?
0.04,-1.2,0.39,-3,2,1,562,487,645,574,503,Pouvez-vous m'aidez?
0.3,-0.87,0.49,-13,7,15,612,484,646,555,499,Pouvez-vous m'aidez?
0.08,-0.9700001,0.36,0,1,2,585,482,643,569,502,Pouvez-vous m'aidez?
0.21,-0.28,0.31,-27,1,-20,610,483,644,552,498,Pouvez-vous m'aidez?
-0.0,-0.77,0.47,4,5,56,616,483,643,553,499,Pouvez-vous m'aidez?
0.03,-0.88,0.37,1,2,7,594,485,641,568,502,Pouvez-vous m'aidez?
0.3,-0.6,0.42,-11,13,-1,621,485,644,547,497,Pouvez-vous m'aidez?
0.05,-1.0,0.4,0,1,1,582,484,644,563,502,Pouvez-vous m'aidez?
0.25,-0.62,0.48,-18,7,9,614,483,644,547,496,Pouvez-vous m'aidez?
0.06,-0.87,0.27,-8,-8,-22,595,486,644,566,499,Pouvez-vous m'aidez?
0.05,-1.77,0.26,6,6,19,596,486,646,563,499,Pouvez-vous m'aidez?
0.21,-0.68,0.5,-20,10,11,620,486,647,554,498,Pouvez-vous m'aidez?
0.06,-0.87,0.41,4,9,37,559,486,644,546,493,Pouvez-vous m'aidez?
0.23,-0.44,0.36,8,-28,-65,627,485,645,547,495,Pouvez-vous m'aidez?
0.12,-0.78,0.43,-74,40,7,622,484,645,545,495,Pouvez-vous m'aidez?
0.09,-1.08,0.24,2,-3,9,611,483,643,557,495,Pouvez-vous m'aidez?
0.34,-0.84,0.47,-12,9,7,615,484,645,546,495,Pouvez-vous m'aidez?
0.07,-0.98,0.34,0,0,2,587,484,643,559,497,Pouvez-vous m'aidez?
0.16,-1.51,0.36,61,-19,-36,606,487,646,553,500,Pouvez-vous m'aidez?
0.11,-0.98,0.42,-57,2,18,612,487,646,547,499,Pouvez-vous m'aidez?
0.02,-1.07,0.37,-3,-3,-22,595,482,642,561,499,Pouvez-vous m'aidez?
0.27,-0.43,0.41,-10,-8,-16,615,481,641,547,496,Pouvez-vous m'aidez?
0.09,-0.98,0.35,0,0,1,611,485,643,555,499,Pouvez-vous m'aidez?
0.06,-1.42,0.4,42,5,-17,612,485,645,548,499,Pouvez-vous m'aidez?
0.15,-0.95,0.33,-33,20,27,609,487,646,547,496,Pouvez-vous m'aidez?
0.17,-1.67,0.25,12,-7,-35,601,487,646,558,499,Pouvez-vous m'aidez?
0.18,-0.37,0.44,-41,22,46,623,489,648,547,499,Pouvez-vous m'aidez?
0.11,-0.9700001,0.38,0,2,1,595,487,644,562,502,Pouvez-vous m'aidez?
-0.05,-0.84,0.44,88,-6,0,610,486,646,551,499,Pouvez-vous m'aidez?
0.21,-0.49,0.49,-17,-2,-19,613,487,646,550,497,Pouvez-vous m'aidez?
0.009999999,-0.55,0.24,-9,-3,-23,572,483,641,566,499,Pouvez-vous m'aidez?
-0.17,-0.71,0.4,54,-75,-130,592,484,643,553,495,Pouvez-vous m'aidez?
0.08,-1.0,0.38,0,1,0,593,485,644,563,499,Pouvez-vous m'aidez?
-0.02,-1.98,0.48,24,25,34,599,485,644,558,500,Pouvez-vous m'aidez?
0.24,-0.46,0.45,-38,29,19,618,486,645,550,498,Pouvez-vous m'aidez?
0.02,-0.76,0.34,-1,-8,-53,583,486,643,565,500,Pouvez-vous m'aidez?
0.29,-0.52,0.5,-9,-4,-13,624,486,646,549,498,Pouvez-vous m'aidez?
0.12,-0.98,0.37,1,1,1,562,487,646,564,504,Pouvez-vous m'aidez?
0.05,-1.39,0.42,72,-7,-29,590,487,646,555,500,Pouvez-vous m'aidez?
0.34,-0.69,0.52,-14,12,16,606,487,645,550,496,Pouvez-vous m'aidez?
-0.009999999,-1.3,0.48,9,11,21,564,486,643,563,499,Pouvez-vous m'aidez?
0.82,-0.52,0.14,2,2,0,246,651,805,740,684,Pardon
1.02,0.1,-0.06,4,1,12,404,725,876,806,767,Pardon
0.59,0.05,-0.34,88,15,-12,417,724,875,806,767,Pardon
0.98,-0.69,0.12,0,-3,53,398,727,876,811,768,Pardon
0.66,-0.27,-0.24,100,16,-16,419,729,878,811,768,Pardon
1.01,-1.2,-0.17,26,27,-21,372,730,876,811,768,Pardon
0.95,0.009999999,0.009999999,2,1,5,433,728,876,807,767,Pardon
0.9,-0.17,-0.2,88,19,-1,412,731,878,809,768,Pardon
0.94,0.14,0.35,-31,-8,-33,385,729,876,810,767,Pardon
0.8,-0.69,0.15,-7,-19,64,384,731,874,812,768,Pardon
1.07,0.21,0.22,-48,-19,-37,396,727,873,810,766,Pardon
0.98,-0.02,0.07,1,-9,2,372,729,878,807,740,Pardon
0.99,0.18,0.23,6,-18,16,366,728,876,805,765,Pardon
1.03,0.33,0.04,-20,4,15,324,725,876,809,767,Pardon
0.99,0.41,0.2,-47,-10,38,299,729,877,811,768,Pardon
0.71,0.04,-0.35,56,4,-5,319,728,876,809,768,Pardon
0.9599999,0.02,0.06,0,-2,1,379,728,876,803,763,Pardon
1.15,0.58,0.24,-31,-9,7,385,730,875,804,764,Pardon
0.82,-0.06,-0.23,53,16,-37,371,728,874,807,766,Pardon
0.9599999,0.16,0.11,-9,-5,1,339,726,874,809,766,Pardon
0.9599999,0.2,0.14,-45,-14,-11,370,731,876,811,767,Pardon
1.0,0.0,0.1,1,-1,0,352,729,874,807,766,Pardon
0.85,-0.09,-0.15,51,21,6,334,727,872,806,765,Pardon
0.84,-0.49,0.1,33,10,-9,350,728,873,807,766,Pardon
0.83,-0.07,-0.21,60,6,-13,361,728,873,808,766,Pardon
1.12,-0.67,0.18,-35,-11,41,350,730,873,810,766,Pardon
0.98,-0.009999999,0.1,0,1,0,346,726,868,803,761,Pardon
0.99,0.009999999,0.1,0,-1,4,347,725,868,803,761,Pardon
0.9700001,-0.04,-0.07,41,6,-4,322,721,868,804,763,Pardon
0.9599999,0.19,0.06,-6,-3,9,319,724,871,807,764,Pardon
0.9,-0.21,-0.11,61,-4,-18,338,727,871,807,764,Pardon
1.0,-0.08,0.14,-1,-2,1,382,724,865,801,760,Pardon
0.98,-0.04,0.11,1,1,2,380,724,864,800,760,Pardon
1.14,-0.08,0.37,-12,-10,9,375,724,864,799,760,Pardon
0.92,-0.23,-0.21,43,6,-52,346,724,867,803,761,Pardon
1.12,-0.31,0.3,-52,-22,57,364,731,871,807,761,Pardon
1.03,-0.03,0.17,1,-5,3,335,724,864,799,758,Pardon
1.07,0.07,0.34,-46,-14,11,330,727,870,804,760,Pardon
1.06,0.44,0.19,-9,8,25,313,723,864,807,760,Pardon
0.9700001,0.23,0.22,-31,-1,4,321,724,864,806,761,Pardon
0.99,0.7,-0.16,37,18,-35,369,723,866,801,760,Pardon
0.93,-0.05,0.12,-42,-11,-12,269,724,866,802,760,Pardon
1.1,0.07,0.36,-48,-14,40,298,727,832,803,761,Pardon
0.9,-0.4,-0.09,62,20,-23,358,726,868,804,763,Pardon
1.02,0.1,0.34,-51,-10,-24,355,727,870,803,762,Pardon
0.9700001,0.02,0.14,1,4,-5,294,724,867,800,760,Pardon
0.98,-0.05,0.13,-1,1,-2,284,721,868,796,759,Pardon
1.0,0.07,0.25,-24,-8,47,258,719,862,803,756,Pardon
1.11,-0.37,0.29,-42,-26,33,299,722,864,802,758,Pardon
0.86,-0.48,0.04,26,-15,-5,310,724,865,803,761,Pardon
0.94,-0.55,0.17,8,-4,-8,335,724,867,804,760,Pardon
0.99,-0.03,0.12,0,1,0,294,723,866,800,760,Pardon
0.98,-0.009999999,0.12,-1,1,1,294,723,865,800,760,Pardon
0.8,-0.27,-0.14,60,9,14,293,721,864,803,758,Pardon
0.95,0.19,-0.12,39,22,5,314,724,867,804,761,Pardon
0.91,-0.46,0.09,12,15,-3,338,728,871,807,764,Pardon
0.98,0.0,0.13,-1,1,0,325,721,862,799,758,Pardon
0.99,-0.04,0.1,0,2,-1,324,722,861,799,758,Pardon
1.03,-0.07,0.23,4,-14,13,324,720,862,799,758,Pardon
0.94,-0.19,0.39,-38,-34,84,325,727,870,805,760,Pardon
1.04,0.05,0.51,-83,-21,-36,306,728,870,804,761,Pardon
0.95,0.09,0.25,8,-15,3,321,721,863,797,758,Pardon
1.03,0.05,0.24,2,-36,16,322,721,863,798,758,Pardon
0.86,0.19,0.57,-64,-34,116,364,728,869,803,760,Pardon
1.03,-0.5,0.28,-19,-16,36,400,729,871,806,762,Pardon
0.95,0.34,0.42,-71,-36,-30,392,728,870,803,761,Pardon
0.99,0.08,0.19,0,-6,25,386,720,862,796,755,Pardon
1.08,0.1,0.44,-50,-27,62,387,727,868,803,758,Pardon
0.95,0.35,0.0,-22,15,11,341,728,869,804,758,Pardon
0.93,0.17,0.17,-49,4,-3,375,727,871,807,759,Pardon
0.7,0.0,-0.29,91,18,17,402,728,871,807,763,Pardon
0.98,0.06,0.14,0,1,2,357,725,862,797,756,Pardon
0.82,0.89,-0.2,39,19,9,363,719,860,798,753,Pardon
0.99,-0.8,0.11,28,-11,-47,407,728,869,807,761,Pardon
0.86,-0.57,0.2,3,-5,21,455,735,878,813,766,Pardon
1.19,-0.27,0.33,-44,10,34,463,734,875,812,767,Pardon
0.99,0.0,0.15,1,0,-1,339,717,859,792,751,Pardon
0.9700001,0.04,0.15,0,0,2,338,718,859,792,752,Pardon
0.99,0.04,0.17,3,-1,4,338,694,858,791,751,Pardon
0.9700001,-0.51,-0.48,77,14,-19,379,723,867,805,760,Pardon
0.84,0.59,-0.12,-3,6,48,408,723,867,800,757,Pardon
0.99,0.03,0.13,0,0,0,387,721,862,796,756,Pardon
1.01,0.1,0.2,4,-7,11,387,721,862,796,755,Pardon
1.09,0.08,0.59,-44,-9,49,414,728,868,803,761,Pardon
1.12,0.06,0.5,-63,-11,-6,442,732,872,807,761,Pardon
1.09,0.25,0.06,-16,-7,-30,466,730,870,808,756,Pardon
0.98,0.009999999,0.15,-1,1,4,295,720,863,792,755,Pardon
0.98,-0.009999999,0.13,-1,2,2,295,720,864,791,755,Pardon
0.88,0.83,-0.13,45,13,5,280,720,864,795,755,Pardon
0.8,0.46,0.009999999,22,0,71,314,727,870,801,756,Pardon
0.75,-0.04,-0.46,78,11,-12,365,731,876,809,766,Pardon
0.63,-0.13,-0.37,90,29,-21,363,719,862,795,755,Pardon
0.98,-0.74,-0.34,55,-2,-38,412,732,873,807,764,Pardon
1.07,-0.06,0.5,-70,-20,10,443,735,875,806,763,Pardon
0.91,0.44,-0.08,19,-2,35,466,727,872,807,760,Pardon
0.91,0.48,-0.03,19,-7,-33,477,731,874,808,761,Pardon
0.99,-0.009999999,0.15,-1,-2,1,414,723,862,795,755,Pardon
0.74,-0.35,-0.18,80,22,32,429,720,862,798,756,Pardon
1.05,-0.12,0.5,-75,-14,40,444,736,876,807,764,Pardon
1.02,-0.41,0.42,-32,-8,41,480,736,877,812,766,Pardon
1.07,-0.74,0.22,-17,14,38,497,736,878,812,767,Pardon
0.98,-0.05,0.13,2,-1,0,404,729,868,796,760,Pardon
1.07,0.05,0.51,-69,-12,0,407,736,878,795,766,Pardon
1.06,0.43,-0.02,-13,22,-37,473,732,875,810,752,Pardon
1.04,0.37,0.24,-33,-10,-17,493,734,872,811,760,Pardon
0.78,-0.3,-0.19,84,6,-25,494,735,876,811,767,Pardon
1.02,0.06,0.16,2,-2,18,361,723,860,793,754,Pardon
0.92,-0.78,0.009999999,55,0,-51,469,733,874,809,764,Pardon
0.91,0.26,-0.47,36,31,-159,507,734,876,809,765,Pardon
1.27,-0.14,0.29,-74,-6,5,489,741,880,807,768,Pardon
0.67,0.08,-0.39,97,37,75,513,736,879,812,770,Pardon
0.99,0.06,0.1,1,1,6,399,731,871,801,761,Pardon
1.0,0.0,0.18,3,-6,3,396,731,871,801,761,Pardon
1.06,0.44,0.19,-12,19,69,415,735,875,813,755,Pardon
0.92,0.3,-0.18,7,14,22,504,736,878,808,762,Pardon
0.9,-0.66,0.03,63,-39,-13,499,737,880,813,769,Pardon
1.0,-0.15,0.1,-5,5,-26,457,719,863,792,756,Pardon
0.61,-0.52,-0.33,115,-1,-6,444,720,866,795,758,Pardon
0.78,-0.0,-0.33,84,18,-13,533,734,880,813,768,Pardon
0.87,-0.6,0.23,-49,0,25,507,738,880,813,769,Pardon
0.84,-0.52,0.2,-58,20,19,505,738,880,813,769,Pardon
0.9700001,-0.03,0.08,0,-1,8,298,724,870,793,761,Pardon
0.82,0.24,-0.23,37,19,-189,265,718,866,799,758,Pardon
0.81,0.03,-0.54,83,15,-28,453,732,876,808,767,Pardon
1.13,-0.12,0.45,-82,-5,-26,476,736,879,805,767,Pardon
0.93,0.05,-0.04,-12,9,-26,499,734,878,808,759,Pardon
0.99,-0.06,0.06,-2,2,-1,495,732,876,803,767,Pardon
0.84,-0.63,-0.67,71,-5,-26,476,729,873,803,766,Pardon
0.85,-0.26,-0.42,133,19,-17,478,736,879,809,769,Pardon
0.79,0.38,0.56,-101,-33,66,493,739,881,806,769,Pardon
1.0,-0.08,0.02,0,2,-2,515,735,881,804,762,Pardon
0.9700001,-0.009999999,0.08,-1,-2,6,482,731,874,795,764,Pardon
0.42,-0.26,-0.72,180,60,46,460,722,868,797,761,Pardon
1.06,-0.79,0.19,-32,-2,72,513,736,880,812,769,Pardon
0.88,-0.82,0.08,8,17,15,539,739,882,814,772,Pardon
1.14,-0.1,0.3,-89,-19,-44,550,740,883,808,770,Pardon
0.9700001,-0.06,0.05,0,2,1,424,732,876,803,763,Pardon
0.98,-0.04,0.08,1,0,0,416,731,875,803,762,Pardon
1.03,0.36,0.15,-25,-9,43,456,736,875,812,766,Pardon
0.65,-0.38,-0.51,119,16,-53,539,738,881,814,769,Pardon
0.79,0.56,-0.49,58,20,-178,535,739,881,814,769,Pardon
0.99,-0.06,0.06,-1,1,3,456,734,876,804,766,Pardon
0.9599999,-0.07,0.1,-2,-5,-2,449,733,875,802,765,Pardon
0.95,0.6,0.1,-26,15,55,461,736,876,811,755,Pardon
1.2,0.42,0.35,-39,20,96,527,740,880,814,767,Pardon
0.88,0.05,-0.44,79,16,-89,558,739,883,814,770,Pardon
1.05,-0.04,0.18,7,-6,-6,393,726,872,791,759,Pardon
1.0,-0.08,0.16,2,4,-9,398,725,871,790,759,Pardon
0.74,-0.6,-0.39,139,9,-33,444,724,871,796,761,Pardon
0.68,-0.02,-0.57,106,9,-64,535,734,879,810,768,Pardon
0.89,-1.29,0.06,8,33,-24,522,736,880,812,769,Pardon
0.99,-0.04,0.1,0,1,4,394,728,870,792,760,Pardon
0.88,-1.29,-0.65,94,-19,-124,436,727,868,798,762,Pardon
0.73,-0.02,-0.6,68,13,-248,557,739,880,812,768,Pardon
1.13,-0.19,0.38,-66,-7,34,540,739,880,811,768,Pardon
0.77,0.67,-0.26,53,4,-136,561,737,881,814,770,Pardon
1.0,0.03,0.34,0,-23,18,524,734,879,807,768,Pardon
0.99,-1.12,0.23,-22,11,38,526,737,879,812,769,Pardon
0.93,-0.77,-0.35,67,-22,54,550,739,881,815,770,Pardon
0.9599999,-0.37,-0.61,97,16,-11,547,739,880,813,769,Pardon
0.9700001,0.6,-0.17,19,-5,56,552,738,879,808,767,Pardon
0.9599999,0.2,0.29,12,-17,37,497,734,871,788,760,Pardon
0.35,0.35,-0.22,77,51,92,514,734,874,802,764,Pardon
0.9700001,0.36,0.15,-29,-5,3,516,737,872,810,763,Pardon
1.12,0.16,0.68,-71,-12,38,510,739,878,808,768,Pardon
1.16,-0.1,0.46,-76,-18,-50,498,741,876,806,765,Pardon
1.06,0.05,0.37,-8,-20,53,465,728,869,796,760,Pardon
1.45,0.46,0.21,4,28,57,478,736,876,813,759,Pardon
1.06,-1.51,0.05,-21,28,10,509,735,876,810,767,Pardon
0.61,-0.11,-0.45,119,-1,-3,519,735,877,808,767,Pardon
0.9,0.38,0.08,-14,-22,-51,527,732,870,810,764,Pardon
1.0,0.009999999,0.16,-4,-2,20,487,729,866,787,754,Pardon
1.14,-0.05,0.55,-67,-14,-2,515,737,878,798,764,Pardon
0.95,0.52,-0.02,-1,-8,114,532,733,874,803,760,Pardon
0.93,0.46,0.27,-34,-4,-14,523,734,871,809,760,Pardon
0.58,0.22,-0.41,108,24,53,531,735,879,807,768,Pardon
0.99,0.02,0.22,10,5,6,443,726,869,791,760,Pardon
0.91,0.36,-0.17,9,5,103,492,728,872,794,761,Pardon
0.9700001,0.6,0.15,-20,-11,-2,513,736,877,811,763,Pardon
0.61,0.009999999,-0.42,85,-3,-3,563,736,880,812,768,Pardon
0.98,0.24,-0.24,67,29,-18,548,736,880,811,768,Pardon
0.98,-0.06,0.11,0,-2,3,514,730,871,788,756,Pardon
0.89,0.31,-0.12,-10,3,64,515,732,873,793,758,Pardon
0.48,-0.25,-0.35,119,40,56,529,736,878,810,767,Pardon
0.6,-0.7,-0.38,88,-5,-40,546,737,880,812,767,Pardon
0.99,-0.82,0.22,-22,31,0,519,736,877,812,768,Pardon
0.9700001,-0.03,0.12,3,-13,16,382,731,868,791,759,Pardon
0.98,-0.11,0.05,-1,1,1,494,738,876,804,766,Pardon
1.12,0.07,0.38,-43,31,-40,483,736,872,801,764,Pardon
1.05,-0.07,0.05,-26,-10,25,476,738,876,807,763,Pardon
1.2,0.19,0.33,-40,-14,-8,503,739,875,807,768,Pardon
0.8,0.79,-0.19,44,18,74,504,732,871,796,761,Pardon
1.0,0.05,0.07,-23,-5,-11,508,737,876,808,750,Pardon
1.14,0.19,0.19,-16,-13,-24,484,736,863,807,763,Pardon
0.94,0.28,0.57,-86,-15,55,475,738,868,803,765,Pardon
1.07,-0.15,0.33,-67,-7,124,480,735,865,807,764,Pardon
0.9700001,-0.11,0.18,-1,3,2,526,727,871,792,760,Pardon
1.22,0.2,0.32,-49,-1,43,505,733,873,803,763,Pardon
0.46,-0.33,-0.25,89,-11,45,525,735,878,807,766,Pardon
1.08,0.23,-0.2,44,18,-69,507,734,876,806,765,Pardon
0.66,-0.98,-0.16,72,-23,3,517,737,878,811,768,Pardon
0.99,-0.12,0.12,-2,3,-3,492,732,871,799,761,Pardon
0.89,0.3,-0.17,61,-6,-87,500,732,872,800,760,Pardon
1.06,0.6,0.28,1,-9,-30,521,738,876,812,758,Pardon
0.76,-0.37,-0.42,63,18,-20,526,736,876,810,767,Pardon
0.86,-0.16,-0.37,91,12,43,531,736,878,807,768,Pardon
0.98,0.09,0.36,-23,-19,31,461,724,865,790,753,Pardon
1.17,0.12,0.31,-48,-7,22,481,735,870,803,763,Pardon
0.59,0.29,-0.34,96,21,14,521,737,877,811,767,Pardon
1.01,0.13,-0.24,65,5,22,519,736,876,807,766,Pardon
0.9,0.32,-0.26,51,28,5,535,736,876,808,767,Pardon
0.99,-0.08,0.09,-1,2,3,536,738,876,807,763,Pardon
0.81,-1.03,-0.06,26,-37,80,505,736,873,804,764,Pardon
1.21,-0.07,0.5,-94,-18,109,496,737,868,808,765,Pardon
0.93,-0.85,0.09,-25,43,-13,528,738,876,812,768,Pardon
1.27,-0.04,0.42,-64,-6,7,524,736,881,813,768,Pardon
0.93,0.04,0.09,2,-5,12,490,728,862,799,758,Pardon
0.41,-0.42,-0.15,98,-4,-25,534,734,871,804,763,Pardon
0.98,0.45,-0.09,48,-3,1,540,736,877,809,767,Pardon
0.9599999,0.4,0.08,-18,-19,-28,529,736,871,809,765,Pardon
0.66,-0.04,-0.35,85,5,18,527,738,878,812,768,Pardon
0.92,-0.02,0.24,-15,-32,-16,429,729,871,800,760,Pardon
1.08,0.36,0.08,-38,-7,47,511,734,871,807,763,Pardon
0.9700001,0.2,0.59,-108,-31,8,515,736,875,804,764,Pardon
1.01,1.07,0.1,9,-15,59,528,736,871,806,759,Pardon
0.99,0.36,0.2,-53,-1,-37,524,736,864,807,762,Pardon
0.99,-0.08,0.16,-1,1,4,440,727,865,796,755,Pardon
0.9599999,-0.21,-0.54,39,58,-146,516,732,870,803,762,Pardon
1.36,-0.36,0.51,-89,-8,80,509,733,871,807,763,Pardon
0.8,-0.99,0.1,19,32,-34,514,736,875,809,766,Pardon
1.26,-0.15,0.56,-74,-7,40,523,739,870,808,763,Pardon
0.9,-0.91,0.19,-61,-12,71,498,734,876,807,765,Pardon
1.12,0.009999999,0.42,-86,-35,-17,497,738,873,807,764,Pardon
1.18,-0.009999999,0.49,-79,-26,13,518,737,872,807,761,Pardon
1.0,0.45,0.13,-3,-6,33,533,739,871,810,763,Pardon
0.91,0.06,0.11,-15,-7,10,521,737,867,807,761,Pardon
0.99,-0.11,0.14,-2,2,-1,472,732,867,799,753,Pardon
1.0,0.64,0.009999999,-19,20,141,520,736,870,802,759,Pardon
0.7,-0.9599999,-0.25,123,24,-41,535,737,875,809,764,Pardon
0.91,0.02,-0.4,72,11,-21,537,738,872,808,764,Pardon
